,日期,省份,省份代码,城市,城市代码,平均气温
0,20010101,台湾省,710000,台湾省,710000,17.6192793846
1,20010102,台湾省,710000,台湾省,710000,18.7038701664
2,20010103,台湾省,710000,台湾省,710000,18.9903046435
3,20010104,台湾省,710000,台湾省,710000,18.9683540734
4,20010105,台湾省,710000,台湾省,710000,20.0614080863
5,20010106,台湾省,710000,台湾省,710000,20.2964375019
6,20010107,台湾省,710000,台湾省,710000,21.3192858913
7,20010108,台湾省,710000,台湾省,710000,20.6379366138
8,20010109,台湾省,710000,台湾省,710000,19.9145263542
9,20010110,台湾省,710000,台湾省,710000,17.5425185724
10,20010111,台湾省,710000,台湾省,710000,18.1934001988
11,20010112,台湾省,710000,台湾省,710000,19.4425647042
12,20010113,台湾省,710000,台湾省,710000,17.1129965674
13,20010114,台湾省,710000,台湾省,710000,15.7049287016
14,20010115,台湾省,710000,台湾省,710000,13.9164063497
15,20010116,台湾省,710000,台湾省,710000,14.8198971857
16,20010117,台湾省,710000,台湾省,710000,17.5070859519
17,20010118,台湾省,710000,台湾省,710000,18.3932400617
18,20010119,台湾省,710000,台湾省,710000,19.4483052601
19,20010120,台湾省,710000,台湾省,710000,19.9991323731
20,20010121,台湾省,710000,台湾省,710000,19.7406115315
21,20010122,台湾省,710000,台湾省,710000,21.0384743214
22,20010123,台湾省,710000,台湾省,710000,20.7663167607
23,20010124,台湾省,710000,台湾省,710000,21.6596504992
24,20010125,台湾省,710000,台湾省,710000,21.4519015659
25,20010126,台湾省,710000,台湾省,710000,16.1666909456
26,20010127,台湾省,710000,台湾省,710000,14.8960037557
27,20010128,台湾省,710000,台湾省,710000,14.3348571821
28,20010129,台湾省,710000,台湾省,710000,15.6091701117
29,20010130,台湾省,710000,台湾省,710000,17.6215851307
30,20010131,台湾省,710000,台湾省,710000,18.5539365682
31,20010201,台湾省,710000,台湾省,710000,16.3600078063
32,20010202,台湾省,710000,台湾省,710000,15.4970311468
33,20010203,台湾省,710000,台湾省,710000,18.4519052289
34,20010204,台湾省,710000,台湾省,710000,19.0851869583
35,20010205,台湾省,710000,台湾省,710000,20.5392430479
36,20010206,台湾省,710000,台湾省,710000,19.641523643
37,20010207,台湾省,710000,台湾省,710000,15.7574267279
38,20010208,台湾省,710000,台湾省,710000,15.0939348611
39,20010209,台湾省,710000,台湾省,710000,16.4751293768
40,20010210,台湾省,710000,台湾省,710000,16.147707419
41,20010211,台湾省,710000,台湾省,710000,19.2811332399
42,20010212,台湾省,710000,台湾省,710000,16.9325625788
43,20010213,台湾省,710000,台湾省,710000,14.3026509177
44,20010214,台湾省,710000,台湾省,710000,12.6138246601
45,20010215,台湾省,710000,台湾省,710000,16.5650201169
46,20010216,台湾省,710000,台湾省,710000,15.756382823
47,20010217,台湾省,710000,台湾省,710000,17.32740943
48,20010218,台湾省,710000,台湾省,710000,18.0907107917
49,20010219,台湾省,710000,台湾省,710000,20.029308059
50,20010220,台湾省,710000,台湾省,710000,20.9159053456
51,20010221,台湾省,710000,台湾省,710000,20.2953303944
52,20010222,台湾省,710000,台湾省,710000,21.9051547917
53,20010223,台湾省,710000,台湾省,710000,23.3809503209
54,20010224,台湾省,710000,台湾省,710000,18.8683372736
55,20010225,台湾省,710000,台湾省,710000,14.908919562
56,20010226,台湾省,710000,台湾省,710000,19.0210302526
57,20010227,台湾省,710000,台湾省,710000,21.6456531395
58,20010228,台湾省,710000,台湾省,710000,20.8771279942
59,20010301,台湾省,710000,台湾省,710000,17.7778088505
60,20010302,台湾省,710000,台湾省,710000,19.4862072901
61,20010303,台湾省,710000,台湾省,710000,20.0496146029
62,20010304,台湾省,710000,台湾省,710000,18.1047580892
63,20010305,台湾省,710000,台湾省,710000,19.6933473674
64,20010306,台湾省,710000,台湾省,710000,22.5392254916
65,20010307,台湾省,710000,台湾省,710000,18.2303277471
66,20010308,台湾省,710000,台湾省,710000,14.1192409017
67,20010309,台湾省,710000,台湾省,710000,17.9665951512
68,20010310,台湾省,710000,台湾省,710000,18.8178021691
69,20010311,台湾省,710000,台湾省,710000,18.349130197
70,20010312,台湾省,710000,台湾省,710000,17.979005521
71,20010313,台湾省,710000,台湾省,710000,19.8247568391
72,20010314,台湾省,710000,台湾省,710000,21.0398229035
73,20010315,台湾省,710000,台湾省,710000,22.5621259646
74,20010316,台湾省,710000,台湾省,710000,22.8922415213
75,20010317,台湾省,710000,台湾省,710000,24.2214391232
76,20010318,台湾省,710000,台湾省,710000,22.0435759804
77,20010319,台湾省,710000,台湾省,710000,23.0171839757
78,20010320,台湾省,710000,台湾省,710000,23.5497981852
79,20010321,台湾省,710000,台湾省,710000,22.0327172496
80,20010322,台湾省,710000,台湾省,710000,24.0935778184
81,20010323,台湾省,710000,台湾省,710000,25.0911109447
82,20010324,台湾省,710000,台湾省,710000,26.048318191
83,20010325,台湾省,710000,台湾省,710000,23.0562175837
84,20010326,台湾省,710000,台湾省,710000,20.9792760719
85,20010327,台湾省,710000,台湾省,710000,20.8075161197
86,20010328,台湾省,710000,台湾省,710000,19.9317102216
87,20010329,台湾省,710000,台湾省,710000,17.2867713516
88,20010330,台湾省,710000,台湾省,710000,20.4471126903
89,20010331,台湾省,710000,台湾省,710000,21.4348188747
90,20010401,台湾省,710000,台湾省,710000,21.7355721864
91,20010402,台湾省,710000,台湾省,710000,23.1097201651
92,20010403,台湾省,710000,台湾省,710000,22.5885227594
93,20010404,台湾省,710000,台湾省,710000,19.924646551
94,20010405,台湾省,710000,台湾省,710000,21.6266907995
95,20010406,台湾省,710000,台湾省,710000,22.7909674644
96,20010407,台湾省,710000,台湾省,710000,22.5123120221
97,20010408,台湾省,710000,台湾省,710000,23.1342888095
98,20010409,台湾省,710000,台湾省,710000,23.299571189
99,20010410,台湾省,710000,台湾省,710000,22.4045465859
100,20010411,台湾省,710000,台湾省,710000,19.2658495903
101,20010412,台湾省,710000,台湾省,710000,18.1219947772
102,20010413,台湾省,710000,台湾省,710000,21.2429989468
103,20010414,台湾省,710000,台湾省,710000,22.6961095767
104,20010415,台湾省,710000,台湾省,710000,23.5243419951
105,20010416,台湾省,710000,台湾省,710000,23.4016925422
106,20010417,台湾省,710000,台湾省,710000,23.7719962597
107,20010418,台湾省,710000,台湾省,710000,23.0414032936
108,20010419,台湾省,710000,台湾省,710000,24.8370287635
109,20010420,台湾省,710000,台湾省,710000,26.3896820328
110,20010421,台湾省,710000,台湾省,710000,24.0780142437
111,20010422,台湾省,710000,台湾省,710000,21.9286799431
112,20010423,台湾省,710000,台湾省,710000,24.3307475827
113,20010424,台湾省,710000,台湾省,710000,24.6456690268
114,20010425,台湾省,710000,台湾省,710000,21.8649596518
115,20010426,台湾省,710000,台湾省,710000,22.9695189866
116,20010427,台湾省,710000,台湾省,710000,26.2599146583
117,20010428,台湾省,710000,台湾省,710000,27.5959959247
118,20010429,台湾省,710000,台湾省,710000,28.4362173731
119,20010430,台湾省,710000,台湾省,710000,27.9569024389
120,20010501,台湾省,710000,台湾省,710000,25.6555700302
121,20010502,台湾省,710000,台湾省,710000,24.8975115256
122,20010503,台湾省,710000,台湾省,710000,24.1004492153
123,20010504,台湾省,710000,台湾省,710000,26.1016234918
124,20010505,台湾省,710000,台湾省,710000,27.0483782725
125,20010506,台湾省,710000,台湾省,710000,28.3634285493
126,20010507,台湾省,710000,台湾省,710000,28.2163694989
127,20010508,台湾省,710000,台湾省,710000,26.1796354164
128,20010509,台湾省,710000,台湾省,710000,25.488924395
129,20010510,台湾省,710000,台湾省,710000,24.1667169658
130,20010511,台湾省,710000,台湾省,710000,24.4591648362
131,20010512,台湾省,710000,台湾省,710000,25.2081953612
132,20010513,台湾省,710000,台湾省,710000,27.01475319
133,20010514,台湾省,710000,台湾省,710000,26.3400390582
134,20010515,台湾省,710000,台湾省,710000,27.7138827714
135,20010516,台湾省,710000,台湾省,710000,27.1459065134
136,20010517,台湾省,710000,台湾省,710000,27.1160724813
137,20010518,台湾省,710000,台湾省,710000,26.2256614295
138,20010519,台湾省,710000,台湾省,710000,24.8395719745
139,20010520,台湾省,710000,台湾省,710000,25.8914027648
140,20010521,台湾省,710000,台湾省,710000,27.9186892076
141,20010522,台湾省,710000,台湾省,710000,24.4198854837
142,20010523,台湾省,710000,台湾省,710000,26.108775464
143,20010524,台湾省,710000,台湾省,710000,27.2810617794
144,20010525,台湾省,710000,台湾省,710000,27.4467254335
145,20010526,台湾省,710000,台湾省,710000,28.4265796271
146,20010527,台湾省,710000,台湾省,710000,28.0663174066
147,20010528,台湾省,710000,台湾省,710000,26.415436658
148,20010529,台湾省,710000,台湾省,710000,25.8523144288
149,20010530,台湾省,710000,台湾省,710000,25.4270502437
150,20010531,台湾省,710000,台湾省,710000,24.4206264019
151,20010601,台湾省,710000,台湾省,710000,26.0184380141
152,20010602,台湾省,710000,台湾省,710000,25.8902013302
153,20010603,台湾省,710000,台湾省,710000,27.3446249312
154,20010604,台湾省,710000,台湾省,710000,28.2193258676
155,20010605,台湾省,710000,台湾省,710000,28.0056985725
156,20010606,台湾省,710000,台湾省,710000,27.612418023
157,20010607,台湾省,710000,台湾省,710000,28.0992921266
158,20010608,台湾省,710000,台湾省,710000,28.1016180732
159,20010609,台湾省,710000,台湾省,710000,28.2253510085
160,20010610,台湾省,710000,台湾省,710000,29.0152625821
161,20010611,台湾省,710000,台湾省,710000,29.4825432951
162,20010612,台湾省,710000,台湾省,710000,29.0627976764
163,20010613,台湾省,710000,台湾省,710000,28.5645848838
164,20010614,台湾省,710000,台湾省,710000,25.8164150715
165,20010615,台湾省,710000,台湾省,710000,26.4604382515
166,20010616,台湾省,710000,台湾省,710000,27.9435801723
167,20010617,台湾省,710000,台湾省,710000,28.2059673396
168,20010618,台湾省,710000,台湾省,710000,27.8982261744
169,20010619,台湾省,710000,台湾省,710000,26.8359028209
170,20010620,台湾省,710000,台湾省,710000,28.3239063133
171,20010621,台湾省,710000,台湾省,710000,29.7614207918
172,20010622,台湾省,710000,台湾省,710000,29.9859910011
173,20010623,台湾省,710000,台湾省,710000,27.0994851806
174,20010624,台湾省,710000,台湾省,710000,28.4905549396
175,20010625,台湾省,710000,台湾省,710000,28.4583442211
176,20010626,台湾省,710000,台湾省,710000,28.2009053664
177,20010627,台湾省,710000,台湾省,710000,29.377566446
178,20010628,台湾省,710000,台湾省,710000,29.381291888
179,20010629,台湾省,710000,台湾省,710000,29.9004162225
180,20010630,台湾省,710000,台湾省,710000,30.0551334728
181,20010701,台湾省,710000,台湾省,710000,30.0093159025
182,20010702,台湾省,710000,台湾省,710000,29.9654232589
183,20010703,台湾省,710000,台湾省,710000,30.1192039576
184,20010704,台湾省,710000,台湾省,710000,29.3850368153
185,20010705,台湾省,710000,台湾省,710000,29.0691286651
186,20010706,台湾省,710000,台湾省,710000,29.6287932829
187,20010707,台湾省,710000,台湾省,710000,29.0597985008
188,20010708,台湾省,710000,台湾省,710000,28.7016829144
189,20010709,台湾省,710000,台湾省,710000,28.6710254062
190,20010710,台湾省,710000,台湾省,710000,28.9445138628
191,20010711,台湾省,710000,台湾省,710000,28.2144926028
192,20010712,台湾省,710000,台湾省,710000,27.7366620411
193,20010713,台湾省,710000,台湾省,710000,28.1609502272
194,20010714,台湾省,710000,台湾省,710000,28.5989534638
195,20010715,台湾省,710000,台湾省,710000,28.5445683869
196,20010716,台湾省,710000,台湾省,710000,28.3699502078
197,20010717,台湾省,710000,台湾省,710000,27.6346507072
198,20010718,台湾省,710000,台湾省,710000,28.7567297979
199,20010719,台湾省,710000,台湾省,710000,28.5979181853
200,20010720,台湾省,710000,台湾省,710000,29.5006378564
201,20010721,台湾省,710000,台湾省,710000,29.9170873599
202,20010722,台湾省,710000,台湾省,710000,29.6478567774
203,20010723,台湾省,710000,台湾省,710000,29.2975158258
204,20010724,台湾省,710000,台湾省,710000,29.4026909958
205,20010725,台湾省,710000,台湾省,710000,27.8930893595
206,20010726,台湾省,710000,台湾省,710000,28.1914139011
207,20010727,台湾省,710000,台湾省,710000,28.289834326
208,20010728,台湾省,710000,台湾省,710000,29.5069875284
209,20010729,台湾省,710000,台湾省,710000,29.1786150716
210,20010730,台湾省,710000,台湾省,710000,26.6998252652
211,20010731,台湾省,710000,台湾省,710000,28.1826556813
212,20010801,台湾省,710000,台湾省,710000,28.3866116784
213,20010802,台湾省,710000,台湾省,710000,28.7998982343
214,20010803,台湾省,710000,台湾省,710000,28.9873515042
215,20010804,台湾省,710000,台湾省,710000,29.6242935007
216,20010805,台湾省,710000,台湾省,710000,29.9187394055
217,20010806,台湾省,710000,台湾省,710000,29.6284744306
218,20010807,台湾省,710000,台湾省,710000,29.9311948039
219,20010808,台湾省,710000,台湾省,710000,29.8353296193
220,20010809,台湾省,710000,台湾省,710000,30.0773886984
221,20010810,台湾省,710000,台湾省,710000,29.7464116487
222,20010811,台湾省,710000,台湾省,710000,28.7542101036
223,20010812,台湾省,710000,台湾省,710000,29.5018857176
224,20010813,台湾省,710000,台湾省,710000,30.1612389521
225,20010814,台湾省,710000,台湾省,710000,29.6642197479
226,20010815,台湾省,710000,台湾省,710000,29.9283466989
227,20010816,台湾省,710000,台湾省,710000,29.6015211886
228,20010817,台湾省,710000,台湾省,710000,29.4544130022
229,20010818,台湾省,710000,台湾省,710000,29.2578719963
230,20010819,台湾省,710000,台湾省,710000,29.4636995576
231,20010820,台湾省,710000,台湾省,710000,29.9223313115
232,20010821,台湾省,710000,台湾省,710000,29.9261012077
233,20010822,台湾省,710000,台湾省,710000,30.3358943246
234,20010823,台湾省,710000,台湾省,710000,30.2728881619
235,20010824,台湾省,710000,台湾省,710000,30.111536091
236,20010825,台湾省,710000,台湾省,710000,29.7618875287
237,20010826,台湾省,710000,台湾省,710000,30.0748753764
238,20010827,台湾省,710000,台湾省,710000,29.3831283396
239,20010828,台湾省,710000,台湾省,710000,29.0551664396
240,20010829,台湾省,710000,台湾省,710000,28.2317536961
241,20010830,台湾省,710000,台湾省,710000,27.5554958257
242,20010831,台湾省,710000,台湾省,710000,26.7619946436
243,20010901,台湾省,710000,台湾省,710000,26.3926246383
244,20010902,台湾省,710000,台湾省,710000,26.8703670285
245,20010903,台湾省,710000,台湾省,710000,26.8174563104
246,20010904,台湾省,710000,台湾省,710000,28.5716415535
247,20010905,台湾省,710000,台湾省,710000,27.1476185755
248,20010906,台湾省,710000,台湾省,710000,25.8974716663
249,20010907,台湾省,710000,台湾省,710000,27.0001935742
250,20010908,台湾省,710000,台湾省,710000,27.4667887037
251,20010909,台湾省,710000,台湾省,710000,27.0169111382
252,20010910,台湾省,710000,台湾省,710000,27.2728840871
253,20010911,台湾省,710000,台湾省,710000,27.4598444592
254,20010912,台湾省,710000,台湾省,710000,27.1934899634
255,20010913,台湾省,710000,台湾省,710000,26.8759905425
256,20010914,台湾省,710000,台湾省,710000,27.2043110024
257,20010915,台湾省,710000,台湾省,710000,27.6083079902
258,20010916,台湾省,710000,台湾省,710000,26.6774966934
259,20010917,台湾省,710000,台湾省,710000,26.1515277949
260,20010918,台湾省,710000,台湾省,710000,25.4633451592
261,20010919,台湾省,710000,台湾省,710000,26.5827639103
262,20010920,台湾省,710000,台湾省,710000,27.9520396319
263,20010921,台湾省,710000,台湾省,710000,27.5664139227
264,20010922,台湾省,710000,台湾省,710000,26.8213821108
265,20010923,台湾省,710000,台湾省,710000,27.0795887384
266,20010924,台湾省,710000,台湾省,710000,26.7512262518
267,20010925,台湾省,710000,台湾省,710000,26.2183241194
268,20010926,台湾省,710000,台湾省,710000,25.7038949186
269,20010927,台湾省,710000,台湾省,710000,25.3179185174
270,20010928,台湾省,710000,台湾省,710000,25.5487330393
271,20010929,台湾省,710000,台湾省,710000,25.1145187508
272,20010930,台湾省,710000,台湾省,710000,26.199173884
273,20011001,台湾省,710000,台湾省,710000,25.7790153677
274,20011002,台湾省,710000,台湾省,710000,26.2404880524
275,20011003,台湾省,710000,台湾省,710000,26.1173783866
276,20011004,台湾省,710000,台湾省,710000,26.2600432959
277,20011005,台湾省,710000,台湾省,710000,25.8986954039
278,20011006,台湾省,710000,台湾省,710000,26.3490721746
279,20011007,台湾省,710000,台湾省,710000,26.0171388713
280,20011008,台湾省,710000,台湾省,710000,26.291405201
281,20011009,台湾省,710000,台湾省,710000,25.2188905586
282,20011010,台湾省,710000,台湾省,710000,25.329466473
283,20011011,台湾省,710000,台湾省,710000,25.4110990438
284,20011012,台湾省,710000,台湾省,710000,24.5093232718
285,20011013,台湾省,710000,台湾省,710000,24.7721943205
286,20011014,台湾省,710000,台湾省,710000,24.896942919
287,20011015,台湾省,710000,台湾省,710000,25.415488048
288,20011016,台湾省,710000,台湾省,710000,24.5977286426
289,20011017,台湾省,710000,台湾省,710000,23.8180285801
290,20011018,台湾省,710000,台湾省,710000,23.4316883737
291,20011019,台湾省,710000,台湾省,710000,23.7943601825
292,20011020,台湾省,710000,台湾省,710000,24.7875477834
293,20011021,台湾省,710000,台湾省,710000,25.3142383749
294,20011022,台湾省,710000,台湾省,710000,25.6278990399
295,20011023,台湾省,710000,台湾省,710000,25.6557579474
296,20011024,台湾省,710000,台湾省,710000,25.1842585043
297,20011025,台湾省,710000,台湾省,710000,25.6651142511
298,20011026,台湾省,710000,台湾省,710000,26.4735571905
299,20011027,台湾省,710000,台湾省,710000,25.5986946279
300,20011028,台湾省,710000,台湾省,710000,24.8991754705
301,20011029,台湾省,710000,台湾省,710000,23.4535839341
302,20011030,台湾省,710000,台湾省,710000,22.8676986261
303,20011031,台湾省,710000,台湾省,710000,24.4915140759
304,20011101,台湾省,710000,台湾省,710000,25.2947134972
305,20011102,台湾省,710000,台湾省,710000,25.5500179638
306,20011103,台湾省,710000,台湾省,710000,25.4920677055
307,20011104,台湾省,710000,台湾省,710000,24.5806659135
308,20011105,台湾省,710000,台湾省,710000,25.1256805116
309,20011106,台湾省,710000,台湾省,710000,21.3970326727
310,20011107,台湾省,710000,台湾省,710000,21.8205593283
311,20011108,台湾省,710000,台湾省,710000,23.1927353902
312,20011109,台湾省,710000,台湾省,710000,22.5128256408
313,20011110,台湾省,710000,台湾省,710000,22.1291012547
314,20011111,台湾省,710000,台湾省,710000,20.6210232431
315,20011112,台湾省,710000,台湾省,710000,21.4534393657
316,20011113,台湾省,710000,台湾省,710000,21.772576007
317,20011114,台湾省,710000,台湾省,710000,17.7025709369
318,20011115,台湾省,710000,台湾省,710000,16.9546590935
319,20011116,台湾省,710000,台湾省,710000,18.1275693287
320,20011117,台湾省,710000,台湾省,710000,20.3478029641
321,20011118,台湾省,710000,台湾省,710000,18.2722555291
322,20011119,台湾省,710000,台湾省,710000,18.6340820356
323,20011120,台湾省,710000,台湾省,710000,19.4067754962
324,20011121,台湾省,710000,台湾省,710000,20.2743965496
325,20011122,台湾省,710000,台湾省,710000,20.5594918945
326,20011123,台湾省,710000,台湾省,710000,20.9557873336
327,20011124,台湾省,710000,台湾省,710000,20.0461163087
328,20011125,台湾省,710000,台湾省,710000,20.6390809579
329,20011126,台湾省,710000,台湾省,710000,20.5735206171
330,20011127,台湾省,710000,台湾省,710000,20.4905352809
331,20011128,台湾省,710000,台湾省,710000,21.0138884891
332,20011129,台湾省,710000,台湾省,710000,21.9824234356
333,20011130,台湾省,710000,台湾省,710000,23.1370672529
334,20011201,台湾省,710000,台湾省,710000,22.3804672415
335,20011202,台湾省,710000,台湾省,710000,22.4215754812
336,20011203,台湾省,710000,台湾省,710000,23.0440963832
337,20011204,台湾省,710000,台湾省,710000,23.5290365869
338,20011205,台湾省,710000,台湾省,710000,23.5323210413
339,20011206,台湾省,710000,台湾省,710000,21.4392209487
340,20011207,台湾省,710000,台湾省,710000,22.0760429556
341,20011208,台湾省,710000,台湾省,710000,21.8211136731
342,20011209,台湾省,710000,台湾省,710000,23.564613429
343,20011210,台湾省,710000,台湾省,710000,22.9161511985
344,20011211,台湾省,710000,台湾省,710000,22.1427500465
345,20011212,台湾省,710000,台湾省,710000,22.0895505385
346,20011213,台湾省,710000,台湾省,710000,18.3023859479
347,20011214,台湾省,710000,台湾省,710000,16.3827852986
348,20011215,台湾省,710000,台湾省,710000,18.8296283375
349,20011216,台湾省,710000,台湾省,710000,21.1954362609
350,20011217,台湾省,710000,台湾省,710000,21.3877261985
351,20011218,台湾省,710000,台湾省,710000,19.6742107001
352,20011219,台湾省,710000,台湾省,710000,20.0087768815
353,20011220,台湾省,710000,台湾省,710000,20.4499133067
354,20011221,台湾省,710000,台湾省,710000,15.5496761582
355,20011222,台湾省,710000,台湾省,710000,13.2349240346
356,20011223,台湾省,710000,台湾省,710000,13.7515250444
357,20011224,台湾省,710000,台湾省,710000,14.856179194
358,20011225,台湾省,710000,台湾省,710000,13.6820842678
359,20011226,台湾省,710000,台湾省,710000,14.8290957863
360,20011227,台湾省,710000,台湾省,710000,16.4138469154
361,20011228,台湾省,710000,台湾省,710000,15.1889157295
362,20011229,台湾省,710000,台湾省,710000,14.5563583266
363,20011230,台湾省,710000,台湾省,710000,16.8540897369
364,20011231,台湾省,710000,台湾省,710000,17.3654235818
365,20020101,台湾省,710000,台湾省,710000,17.5595571019
366,20020102,台湾省,710000,台湾省,710000,15.1016032587
367,20020103,台湾省,710000,台湾省,710000,15.1651678302
368,20020104,台湾省,710000,台湾省,710000,15.8981963071
369,20020105,台湾省,710000,台湾省,710000,16.3343165029
370,20020106,台湾省,710000,台湾省,710000,17.4443124749
371,20020107,台湾省,710000,台湾省,710000,17.8684236461
372,20020108,台湾省,710000,台湾省,710000,16.3323480216
373,20020109,台湾省,710000,台湾省,710000,16.821654905
374,20020110,台湾省,710000,台湾省,710000,18.0239104358
375,20020111,台湾省,710000,台湾省,710000,19.6433123459
376,20020112,台湾省,710000,台湾省,710000,20.9239183122
377,20020113,台湾省,710000,台湾省,710000,21.4018473408
378,20020114,台湾省,710000,台湾省,710000,21.6089831699
379,20020115,台湾省,710000,台湾省,710000,23.6374142387
380,20020116,台湾省,710000,台湾省,710000,23.2672950788
381,20020117,台湾省,710000,台湾省,710000,20.5832738009
382,20020118,台湾省,710000,台湾省,710000,20.1131616072
383,20020119,台湾省,710000,台湾省,710000,18.0930041508
384,20020120,台湾省,710000,台湾省,710000,17.2817553065
385,20020121,台湾省,710000,台湾省,710000,14.4173120802
386,20020122,台湾省,710000,台湾省,710000,13.948818261
387,20020123,台湾省,710000,台湾省,710000,15.2809959108
388,20020124,台湾省,710000,台湾省,710000,17.343278679
389,20020125,台湾省,710000,台湾省,710000,19.1067639481
390,20020126,台湾省,710000,台湾省,710000,17.2783367634
391,20020127,台湾省,710000,台湾省,710000,13.9572952877
392,20020128,台湾省,710000,台湾省,710000,14.8698979833
393,20020129,台湾省,710000,台湾省,710000,14.4382721402
394,20020130,台湾省,710000,台湾省,710000,15.7594671466
395,20020131,台湾省,710000,台湾省,710000,17.2449389154
396,20020201,台湾省,710000,台湾省,710000,16.6913423972
397,20020202,台湾省,710000,台湾省,710000,14.6031500751
398,20020203,台湾省,710000,台湾省,710000,16.6013897874
399,20020204,台湾省,710000,台湾省,710000,19.1471325484
400,20020205,台湾省,710000,台湾省,710000,17.2705486038
401,20020206,台湾省,710000,台湾省,710000,17.8488520817
402,20020207,台湾省,710000,台湾省,710000,19.5433401845
403,20020208,台湾省,710000,台湾省,710000,19.7104402672
404,20020209,台湾省,710000,台湾省,710000,19.0157496062
405,20020210,台湾省,710000,台湾省,710000,16.3341953429
406,20020211,台湾省,710000,台湾省,710000,16.4411308874
407,20020212,台湾省,710000,台湾省,710000,16.9952020862
408,20020213,台湾省,710000,台湾省,710000,18.7901776054
409,20020214,台湾省,710000,台湾省,710000,19.2603616714
410,20020215,台湾省,710000,台湾省,710000,18.2647275925
411,20020216,台湾省,710000,台湾省,710000,19.0193116015
412,20020217,台湾省,710000,台湾省,710000,20.9030787728
413,20020218,台湾省,710000,台湾省,710000,20.0134070787
414,20020219,台湾省,710000,台湾省,710000,17.7497149381
415,20020220,台湾省,710000,台湾省,710000,18.43053575
416,20020221,台湾省,710000,台湾省,710000,19.673197031
417,20020222,台湾省,710000,台湾省,710000,20.5449761477
418,20020223,台湾省,710000,台湾省,710000,20.180342826
419,20020224,台湾省,710000,台湾省,710000,18.2955010262
420,20020225,台湾省,710000,台湾省,710000,19.5813121145
421,20020226,台湾省,710000,台湾省,710000,20.7496897091
422,20020227,台湾省,710000,台湾省,710000,21.4726775343
423,20020228,台湾省,710000,台湾省,710000,22.1582453901
424,20020301,台湾省,710000,台湾省,710000,21.4962958856
425,20020302,台湾省,710000,台湾省,710000,22.3009472977
426,20020303,台湾省,710000,台湾省,710000,21.3687421409
427,20020304,台湾省,710000,台湾省,710000,22.0547845147
428,20020305,台湾省,710000,台湾省,710000,21.6312471737
429,20020306,台湾省,710000,台湾省,710000,15.9365483956
430,20020307,台湾省,710000,台湾省,710000,18.5766059485
431,20020308,台湾省,710000,台湾省,710000,20.3465093483
432,20020309,台湾省,710000,台湾省,710000,20.7093949535
433,20020310,台湾省,710000,台湾省,710000,21.3781433756
434,20020311,台湾省,710000,台湾省,710000,21.3619323644
435,20020312,台湾省,710000,台湾省,710000,22.0065244761
436,20020313,台湾省,710000,台湾省,710000,23.5718185251
437,20020314,台湾省,710000,台湾省,710000,24.2274033807
438,20020315,台湾省,710000,台湾省,710000,23.2468183041
439,20020316,台湾省,710000,台湾省,710000,21.2045055736
440,20020317,台湾省,710000,台湾省,710000,20.8631054705
441,20020318,台湾省,710000,台湾省,710000,21.4864125685
442,20020319,台湾省,710000,台湾省,710000,22.5856095661
443,20020320,台湾省,710000,台湾省,710000,23.9617338831
444,20020321,台湾省,710000,台湾省,710000,24.9841797569
445,20020322,台湾省,710000,台湾省,710000,23.337694905
446,20020323,台湾省,710000,台湾省,710000,21.7130297097
447,20020324,台湾省,710000,台湾省,710000,21.8066476042
448,20020325,台湾省,710000,台湾省,710000,21.6402827826
449,20020326,台湾省,710000,台湾省,710000,23.6054811261
450,20020327,台湾省,710000,台湾省,710000,23.8934421323
451,20020328,台湾省,710000,台湾省,710000,24.744163795
452,20020329,台湾省,710000,台湾省,710000,23.4981379292
453,20020330,台湾省,710000,台湾省,710000,21.7168731689
454,20020331,台湾省,710000,台湾省,710000,22.9541502649
455,20020401,台湾省,710000,台湾省,710000,24.1874892495
456,20020402,台湾省,710000,台湾省,710000,25.1682502356
457,20020403,台湾省,710000,台湾省,710000,25.3629686399
458,20020404,台湾省,710000,台湾省,710000,25.0377107534
459,20020405,台湾省,710000,台湾省,710000,25.7789864107
460,20020406,台湾省,710000,台湾省,710000,26.6340456442
461,20020407,台湾省,710000,台湾省,710000,25.8774000731
462,20020408,台湾省,710000,台湾省,710000,25.3240631927
463,20020409,台湾省,710000,台湾省,710000,22.6379935091
464,20020410,台湾省,710000,台湾省,710000,23.4986722253
465,20020411,台湾省,710000,台湾省,710000,20.6845958666
466,20020412,台湾省,710000,台湾省,710000,20.0376535112
467,20020413,台湾省,710000,台湾省,710000,24.0429489179
468,20020414,台湾省,710000,台湾省,710000,25.7177706848
469,20020415,台湾省,710000,台湾省,710000,26.9304658933
470,20020416,台湾省,710000,台湾省,710000,27.6285629706
471,20020417,台湾省,710000,台湾省,710000,25.1592907689
472,20020418,台湾省,710000,台湾省,710000,23.1309414994
473,20020419,台湾省,710000,台湾省,710000,24.8883666125
474,20020420,台湾省,710000,台湾省,710000,26.5169930241
475,20020421,台湾省,710000,台湾省,710000,27.387508479
476,20020422,台湾省,710000,台湾省,710000,27.3674727353
477,20020423,台湾省,710000,台湾省,710000,27.5909431197
478,20020424,台湾省,710000,台湾省,710000,25.1386722651
479,20020425,台湾省,710000,台湾省,710000,22.8285936442
480,20020426,台湾省,710000,台湾省,710000,22.4565676342
481,20020427,台湾省,710000,台湾省,710000,23.7988949256
482,20020428,台湾省,710000,台湾省,710000,25.2351266254
483,20020429,台湾省,710000,台湾省,710000,26.4362788417
484,20020430,台湾省,710000,台湾省,710000,26.9952755625
485,20020501,台湾省,710000,台湾省,710000,27.1619799571
486,20020502,台湾省,710000,台湾省,710000,27.2354170409
487,20020503,台湾省,710000,台湾省,710000,27.5099919926
488,20020504,台湾省,710000,台湾省,710000,27.5196860487
489,20020505,台湾省,710000,台湾省,710000,27.0925596194
490,20020506,台湾省,710000,台湾省,710000,27.1767723777
491,20020507,台湾省,710000,台湾省,710000,27.787553137
492,20020508,台湾省,710000,台湾省,710000,27.3480605862
493,20020509,台湾省,710000,台湾省,710000,27.117038445
494,20020510,台湾省,710000,台湾省,710000,27.4407029585
495,20020511,台湾省,710000,台湾省,710000,26.7811014002
496,20020512,台湾省,710000,台湾省,710000,26.6387468902
497,20020513,台湾省,710000,台湾省,710000,27.4784526391
498,20020514,台湾省,710000,台湾省,710000,28.0708400119
499,20020515,台湾省,710000,台湾省,710000,27.8218568672
500,20020516,台湾省,710000,台湾省,710000,26.0171496218
501,20020517,台湾省,710000,台湾省,710000,23.1794905229
502,20020518,台湾省,710000,台湾省,710000,25.5927054449
503,20020519,台湾省,710000,台湾省,710000,26.4582675804
504,20020520,台湾省,710000,台湾省,710000,26.3855089274
505,20020521,台湾省,710000,台湾省,710000,27.2112408768
506,20020522,台湾省,710000,台湾省,710000,27.6131604585
507,20020523,台湾省,710000,台湾省,710000,24.477706519
508,20020524,台湾省,710000,台湾省,710000,24.8409446586
509,20020525,台湾省,710000,台湾省,710000,26.0438046889
510,20020526,台湾省,710000,台湾省,710000,26.3113954717
511,20020527,台湾省,710000,台湾省,710000,26.554571802
512,20020528,台湾省,710000,台湾省,710000,27.2228244868
513,20020529,台湾省,710000,台湾省,710000,27.5687516386
514,20020530,台湾省,710000,台湾省,710000,27.871887012
515,20020531,台湾省,710000,台湾省,710000,25.0428608331
516,20020601,台湾省,710000,台湾省,710000,26.0509720716
517,20020602,台湾省,710000,台湾省,710000,26.2337287556
518,20020603,台湾省,710000,台湾省,710000,27.2100991986
519,20020604,台湾省,710000,台湾省,710000,26.394050273
520,20020605,台湾省,710000,台湾省,710000,26.9440089356
521,20020606,台湾省,710000,台湾省,710000,27.1004361239
522,20020607,台湾省,710000,台湾省,710000,27.487482266
523,20020608,台湾省,710000,台湾省,710000,28.179621263
524,20020609,台湾省,710000,台湾省,710000,27.7493760803
525,20020610,台湾省,710000,台湾省,710000,28.9841946905
526,20020611,台湾省,710000,台湾省,710000,28.2948969494
527,20020612,台湾省,710000,台湾省,710000,27.8365245299
528,20020613,台湾省,710000,台湾省,710000,27.490220265
529,20020614,台湾省,710000,台湾省,710000,28.1528223211
530,20020615,台湾省,710000,台湾省,710000,28.4632136605
531,20020616,台湾省,710000,台湾省,710000,28.3039803071
532,20020617,台湾省,710000,台湾省,710000,27.9159691117
533,20020618,台湾省,710000,台湾省,710000,29.1539256573
534,20020619,台湾省,710000,台湾省,710000,30.1064727957
535,20020620,台湾省,710000,台湾省,710000,29.5583119176
536,20020621,台湾省,710000,台湾省,710000,29.8918480223
537,20020622,台湾省,710000,台湾省,710000,30.1423406818
538,20020623,台湾省,710000,台湾省,710000,30.5713813305
539,20020624,台湾省,710000,台湾省,710000,30.9103561098
540,20020625,台湾省,710000,台湾省,710000,30.7546409477
541,20020626,台湾省,710000,台湾省,710000,29.1669574434
542,20020627,台湾省,710000,台湾省,710000,29.4107747078
543,20020628,台湾省,710000,台湾省,710000,29.9106533744
544,20020629,台湾省,710000,台湾省,710000,29.7398018403
545,20020630,台湾省,710000,台湾省,710000,29.6253548752
546,20020701,台湾省,710000,台湾省,710000,29.1998382698
547,20020702,台湾省,710000,台湾省,710000,30.4996447346
548,20020703,台湾省,710000,台湾省,710000,28.8801199956
549,20020704,台湾省,710000,台湾省,710000,29.5042297623
550,20020705,台湾省,710000,台湾省,710000,30.4404468536
551,20020706,台湾省,710000,台湾省,710000,28.4355102669
552,20020707,台湾省,710000,台湾省,710000,28.591374549
553,20020708,台湾省,710000,台湾省,710000,27.2637851672
554,20020709,台湾省,710000,台湾省,710000,27.711928476
555,20020710,台湾省,710000,台湾省,710000,27.0669635859
556,20020711,台湾省,710000,台湾省,710000,28.0661883788
557,20020712,台湾省,710000,台湾省,710000,28.9517401132
558,20020713,台湾省,710000,台湾省,710000,29.3362522125
559,20020714,台湾省,710000,台湾省,710000,29.7099920403
560,20020715,台湾省,710000,台湾省,710000,29.6844325282
561,20020716,台湾省,710000,台湾省,710000,29.3077875051
562,20020717,台湾省,710000,台湾省,710000,27.8272076303
563,20020718,台湾省,710000,台湾省,710000,27.8089422313
564,20020719,台湾省,710000,台湾省,710000,29.0198449222
565,20020720,台湾省,710000,台湾省,710000,29.3250010664
566,20020721,台湾省,710000,台湾省,710000,28.9699550108
567,20020722,台湾省,710000,台湾省,710000,29.1064868407
568,20020723,台湾省,710000,台湾省,710000,29.2364179221
569,20020724,台湾省,710000,台湾省,710000,29.2416501045
570,20020725,台湾省,710000,台湾省,710000,29.6312065775
571,20020726,台湾省,710000,台湾省,710000,30.0380507382
572,20020727,台湾省,710000,台湾省,710000,28.9062902711
573,20020728,台湾省,710000,台湾省,710000,29.1730187373
574,20020729,台湾省,710000,台湾省,710000,29.2797800194
575,20020730,台湾省,710000,台湾省,710000,28.9358439012
576,20020731,台湾省,710000,台湾省,710000,28.6602221619
577,20020801,台湾省,710000,台湾省,710000,28.8219487234
578,20020802,台湾省,710000,台湾省,710000,28.767676115
579,20020803,台湾省,710000,台湾省,710000,28.5037350438
580,20020804,台湾省,710000,台湾省,710000,25.904712547
581,20020805,台湾省,710000,台湾省,710000,27.0486420718
582,20020806,台湾省,710000,台湾省,710000,26.6703782732
583,20020807,台湾省,710000,台湾省,710000,27.0530099219
584,20020808,台湾省,710000,台湾省,710000,27.9324881164
585,20020809,台湾省,710000,台湾省,710000,28.6279152523
586,20020810,台湾省,710000,台湾省,710000,28.3215072155
587,20020811,台湾省,710000,台湾省,710000,28.4643012177
588,20020812,台湾省,710000,台湾省,710000,29.3411610126
589,20020813,台湾省,710000,台湾省,710000,29.6689369462
590,20020814,台湾省,710000,台湾省,710000,29.6181417379
591,20020815,台湾省,710000,台湾省,710000,29.7231315916
592,20020816,台湾省,710000,台湾省,710000,29.8980979486
593,20020817,台湾省,710000,台湾省,710000,29.7448249513
594,20020818,台湾省,710000,台湾省,710000,29.7774463133
595,20020819,台湾省,710000,台湾省,710000,29.7660908482
596,20020820,台湾省,710000,台湾省,710000,29.602455616
597,20020821,台湾省,710000,台湾省,710000,29.3164812652
598,20020822,台湾省,710000,台湾省,710000,29.5057465813
599,20020823,台湾省,710000,台湾省,710000,29.4831238226
600,20020824,台湾省,710000,台湾省,710000,29.9870695851
601,20020825,台湾省,710000,台湾省,710000,29.4918465614
602,20020826,台湾省,710000,台湾省,710000,29.4651195353
603,20020827,台湾省,710000,台湾省,710000,29.5110537572
604,20020828,台湾省,710000,台湾省,710000,29.5545916557
605,20020829,台湾省,710000,台湾省,710000,29.6079968973
606,20020830,台湾省,710000,台湾省,710000,29.1883101463
607,20020831,台湾省,710000,台湾省,710000,29.1294774142
608,20020901,台湾省,710000,台湾省,710000,28.5505070903
609,20020902,台湾省,710000,台湾省,710000,27.646531907
610,20020903,台湾省,710000,台湾省,710000,28.0874311707
611,20020904,台湾省,710000,台湾省,710000,28.5498351401
612,20020905,台湾省,710000,台湾省,710000,29.0682213306
613,20020906,台湾省,710000,台湾省,710000,27.714026126
614,20020907,台湾省,710000,台湾省,710000,26.93164535
615,20020908,台湾省,710000,台湾省,710000,29.0871084387
616,20020909,台湾省,710000,台湾省,710000,28.7704949162
617,20020910,台湾省,710000,台湾省,710000,27.9208743789
618,20020911,台湾省,710000,台湾省,710000,27.7525286458
619,20020912,台湾省,710000,台湾省,710000,27.2167100256
620,20020913,台湾省,710000,台湾省,710000,26.2397326556
621,20020914,台湾省,710000,台湾省,710000,26.9503453645
622,20020915,台湾省,710000,台湾省,710000,27.5375066454
623,20020916,台湾省,710000,台湾省,710000,27.6293726834
624,20020917,台湾省,710000,台湾省,710000,28.1116427508
625,20020918,台湾省,710000,台湾省,710000,28.5800087235
626,20020919,台湾省,710000,台湾省,710000,28.1744531285
627,20020920,台湾省,710000,台湾省,710000,27.9024888819
628,20020921,台湾省,710000,台湾省,710000,27.6644272154
629,20020922,台湾省,710000,台湾省,710000,26.4361651594
630,20020923,台湾省,710000,台湾省,710000,25.8354045044
631,20020924,台湾省,710000,台湾省,710000,26.396173889
632,20020925,台湾省,710000,台湾省,710000,24.9151438366
633,20020926,台湾省,710000,台湾省,710000,25.8914225318
634,20020927,台湾省,710000,台湾省,710000,26.4476392919
635,20020928,台湾省,710000,台湾省,710000,26.3205771663
636,20020929,台湾省,710000,台湾省,710000,26.8241903348
637,20020930,台湾省,710000,台湾省,710000,25.9491435614
638,20021001,台湾省,710000,台湾省,710000,26.6119225675
639,20021002,台湾省,710000,台湾省,710000,25.8543757309
640,20021003,台湾省,710000,台湾省,710000,27.2604223815
641,20021004,台湾省,710000,台湾省,710000,27.7585651008
642,20021005,台湾省,710000,台湾省,710000,28.0867657661
643,20021006,台湾省,710000,台湾省,710000,25.2073461142
644,20021007,台湾省,710000,台湾省,710000,23.4118466594
645,20021008,台湾省,710000,台湾省,710000,23.8894772096
646,20021009,台湾省,710000,台湾省,710000,25.2164960341
647,20021010,台湾省,710000,台湾省,710000,25.2479832823
648,20021011,台湾省,710000,台湾省,710000,26.9751820564
649,20021012,台湾省,710000,台湾省,710000,27.4452871409
650,20021013,台湾省,710000,台湾省,710000,27.4894934351
651,20021014,台湾省,710000,台湾省,710000,27.1047468402
652,20021015,台湾省,710000,台湾省,710000,27.1149024963
653,20021016,台湾省,710000,台湾省,710000,26.9182133675
654,20021017,台湾省,710000,台湾省,710000,26.9319784858
655,20021018,台湾省,710000,台湾省,710000,27.250085874
656,20021019,台湾省,710000,台湾省,710000,26.2717095505
657,20021020,台湾省,710000,台湾省,710000,25.979779677
658,20021021,台湾省,710000,台湾省,710000,24.4421396689
659,20021022,台湾省,710000,台湾省,710000,24.0581021959
660,20021023,台湾省,710000,台湾省,710000,24.0414217819
661,20021024,台湾省,710000,台湾省,710000,24.1875487024
662,20021025,台湾省,710000,台湾省,710000,25.2013656443
663,20021026,台湾省,710000,台湾省,710000,21.6817740961
664,20021027,台湾省,710000,台湾省,710000,22.8832205426
665,20021028,台湾省,710000,台湾省,710000,24.3638924252
666,20021029,台湾省,710000,台湾省,710000,25.4255133759
667,20021030,台湾省,710000,台湾省,710000,26.2959456444
668,20021031,台湾省,710000,台湾省,710000,25.8668959574
669,20021101,台湾省,710000,台湾省,710000,23.2553835132
670,20021102,台湾省,710000,台湾省,710000,21.1816338409
671,20021103,台湾省,710000,台湾省,710000,20.1795703715
672,20021104,台湾省,710000,台湾省,710000,19.5086336136
673,20021105,台湾省,710000,台湾省,710000,21.9033004154
674,20021106,台湾省,710000,台湾省,710000,23.5338743817
675,20021107,台湾省,710000,台湾省,710000,24.3067712134
676,20021108,台湾省,710000,台湾省,710000,23.0286990296
677,20021109,台湾省,710000,台湾省,710000,21.3758136142
678,20021110,台湾省,710000,台湾省,710000,22.5681170334
679,20021111,台湾省,710000,台湾省,710000,23.6873981519
680,20021112,台湾省,710000,台湾省,710000,24.6285955472
681,20021113,台湾省,710000,台湾省,710000,24.5405164198
682,20021114,台湾省,710000,台湾省,710000,25.2398860238
683,20021115,台湾省,710000,台湾省,710000,24.0778447498
684,20021116,台湾省,710000,台湾省,710000,21.7968114073
685,20021117,台湾省,710000,台湾省,710000,21.5010929324
686,20021118,台湾省,710000,台湾省,710000,20.8722371838
687,20021119,台湾省,710000,台湾省,710000,22.1937344074
688,20021120,台湾省,710000,台湾省,710000,23.3419187286
689,20021121,台湾省,710000,台湾省,710000,22.5626416423
690,20021122,台湾省,710000,台湾省,710000,22.8805584474
691,20021123,台湾省,710000,台湾省,710000,22.072031693
692,20021124,台湾省,710000,台湾省,710000,19.9184672616
693,20021125,台湾省,710000,台湾省,710000,18.1459148255
694,20021126,台湾省,710000,台湾省,710000,18.6642818017
695,20021127,台湾省,710000,台湾省,710000,19.7285375162
696,20021128,台湾省,710000,台湾省,710000,20.2016917359
697,20021129,台湾省,710000,台湾省,710000,21.2033131123
698,20021130,台湾省,710000,台湾省,710000,21.840990565
699,20021201,台湾省,710000,台湾省,710000,22.1962459087
700,20021202,台湾省,710000,台湾省,710000,23.3215153434
701,20021203,台湾省,710000,台湾省,710000,23.9468961412
702,20021204,台湾省,710000,台湾省,710000,24.3563993194
703,20021205,台湾省,710000,台湾省,710000,23.8248872757
704,20021206,台湾省,710000,台湾省,710000,24.2902806022
705,20021207,台湾省,710000,台湾省,710000,23.5321670012
706,20021208,台湾省,710000,台湾省,710000,16.8914021254
707,20021209,台湾省,710000,台湾省,710000,14.4318961664
708,20021210,台湾省,710000,台湾省,710000,16.3151905537
709,20021211,台湾省,710000,台湾省,710000,19.3620194305
710,20021212,台湾省,710000,台湾省,710000,16.8760363514
711,20021213,台湾省,710000,台湾省,710000,17.8674208468
712,20021214,台湾省,710000,台湾省,710000,19.3212528012
713,20021215,台湾省,710000,台湾省,710000,20.5896744078
714,20021216,台湾省,710000,台湾省,710000,21.7074521238
715,20021217,台湾省,710000,台湾省,710000,22.0197405165
716,20021218,台湾省,710000,台湾省,710000,23.0349756371
717,20021219,台湾省,710000,台湾省,710000,21.3627984957
718,20021220,台湾省,710000,台湾省,710000,20.4776139259
719,20021221,台湾省,710000,台湾省,710000,20.0770760666
720,20021222,台湾省,710000,台湾省,710000,20.5338089033
721,20021223,台湾省,710000,台湾省,710000,20.0615367239
722,20021224,台湾省,710000,台湾省,710000,20.2883626114
723,20021225,台湾省,710000,台湾省,710000,17.2292849692
724,20021226,台湾省,710000,台湾省,710000,13.9976280711
725,20021227,台湾省,710000,台湾省,710000,13.4797006195
726,20021228,台湾省,710000,台湾省,710000,17.0000925389
727,20021229,台湾省,710000,台湾省,710000,18.7607851245
728,20021230,台湾省,710000,台湾省,710000,19.516758767
729,20021231,台湾省,710000,台湾省,710000,16.66202556
730,20030101,台湾省,710000,台湾省,710000,16.9700662873
731,20030102,台湾省,710000,台湾省,710000,18.6082641645
732,20030103,台湾省,710000,台湾省,710000,15.0740914128
733,20030104,台湾省,710000,台湾省,710000,15.7440589125
734,20030105,台湾省,710000,台湾省,710000,13.4395041574
735,20030106,台湾省,710000,台湾省,710000,15.8929599632
736,20030107,台湾省,710000,台湾省,710000,15.2684329315
737,20030108,台湾省,710000,台湾省,710000,16.9208108837
738,20030109,台湾省,710000,台湾省,710000,18.1851099188
739,20030110,台湾省,710000,台湾省,710000,15.7831690311
740,20030111,台湾省,710000,台湾省,710000,16.2966136282
741,20030112,台湾省,710000,台湾省,710000,16.6230908199
742,20030113,台湾省,710000,台湾省,710000,16.9079816016
743,20030114,台湾省,710000,台湾省,710000,18.2242189754
744,20030115,台湾省,710000,台湾省,710000,16.5075928948
745,20030116,台湾省,710000,台湾省,710000,17.9813204028
746,20030117,台湾省,710000,台湾省,710000,19.2576648756
747,20030118,台湾省,710000,台湾省,710000,18.8136671673
748,20030119,台湾省,710000,台湾省,710000,18.4456428723
749,20030120,台湾省,710000,台湾省,710000,18.0698793585
750,20030121,台湾省,710000,台湾省,710000,18.3499676964
751,20030122,台湾省,710000,台湾省,710000,17.3732384443
752,20030123,台湾省,710000,台湾省,710000,15.0511859655
753,20030124,台湾省,710000,台湾省,710000,17.7259457328
754,20030125,台湾省,710000,台湾省,710000,19.3767975244
755,20030126,台湾省,710000,台湾省,710000,21.2638607892
756,20030127,台湾省,710000,台湾省,710000,14.5647691922
757,20030128,台湾省,710000,台湾省,710000,13.0742549679
758,20030129,台湾省,710000,台湾省,710000,15.2366375381
759,20030130,台湾省,710000,台湾省,710000,17.4859332171
760,20030131,台湾省,710000,台湾省,710000,19.3596437194
761,20030201,台湾省,710000,台湾省,710000,17.503721248
762,20030202,台湾省,710000,台湾省,710000,15.0338361914
763,20030203,台湾省,710000,台湾省,710000,15.8791716532
764,20030204,台湾省,710000,台湾省,710000,14.5550549464
765,20030205,台湾省,710000,台湾省,710000,14.0014329065
766,20030206,台湾省,710000,台湾省,710000,16.0860215317
767,20030207,台湾省,710000,台湾省,710000,18.5453855991
768,20030208,台湾省,710000,台湾省,710000,18.5107580315
769,20030209,台湾省,710000,台湾省,710000,20.479383512
770,20030210,台湾省,710000,台湾省,710000,20.394406297
771,20030211,台湾省,710000,台湾省,710000,18.1656849276
772,20030212,台湾省,710000,台湾省,710000,16.6750060537
773,20030213,台湾省,710000,台湾省,710000,18.2498468269
774,20030214,台湾省,710000,台湾省,710000,19.8821110292
775,20030215,台湾省,710000,台湾省,710000,22.5154300603
776,20030216,台湾省,710000,台湾省,710000,20.9316755858
777,20030217,台湾省,710000,台湾省,710000,19.0968384743
778,20030218,台湾省,710000,台湾省,710000,20.3782418208
779,20030219,台湾省,710000,台湾省,710000,18.1836679307
780,20030220,台湾省,710000,台湾省,710000,17.9063284614
781,20030221,台湾省,710000,台湾省,710000,20.1031787829
782,20030222,台湾省,710000,台湾省,710000,22.2461970503
783,20030223,台湾省,710000,台湾省,710000,22.7215870944
784,20030224,台湾省,710000,台湾省,710000,19.3139498667
785,20030225,台湾省,710000,台湾省,710000,20.6814372106
786,20030226,台湾省,710000,台湾省,710000,22.5261648568
787,20030227,台湾省,710000,台湾省,710000,21.6354797537
788,20030228,台湾省,710000,台湾省,710000,22.076476639
789,20030301,台湾省,710000,台湾省,710000,22.808273077
790,20030302,台湾省,710000,台湾省,710000,22.3422113115
791,20030303,台湾省,710000,台湾省,710000,21.8047787926
792,20030304,台湾省,710000,台湾省,710000,18.1050543026
793,20030305,台湾省,710000,台湾省,710000,22.1589534933
794,20030306,台湾省,710000,台湾省,710000,19.2681271488
795,20030307,台湾省,710000,台湾省,710000,14.7143116756
796,20030308,台湾省,710000,台湾省,710000,14.9014694149
797,20030309,台湾省,710000,台湾省,710000,15.7883965102
798,20030310,台湾省,710000,台湾省,710000,14.1034026254
799,20030311,台湾省,710000,台湾省,710000,18.2449054501
800,20030312,台湾省,710000,台湾省,710000,19.7685882178
801,20030313,台湾省,710000,台湾省,710000,19.5348968072
802,20030314,台湾省,710000,台湾省,710000,19.8931073275
803,20030315,台湾省,710000,台湾省,710000,22.8666889451
804,20030316,台湾省,710000,台湾省,710000,23.7472334342
805,20030317,台湾省,710000,台湾省,710000,22.4801067439
806,20030318,台湾省,710000,台湾省,710000,17.7179473855
807,20030319,台湾省,710000,台湾省,710000,16.0447388996
808,20030320,台湾省,710000,台湾省,710000,16.1923158169
809,20030321,台湾省,710000,台湾省,710000,17.889822288
810,20030322,台湾省,710000,台湾省,710000,17.9236533967
811,20030323,台湾省,710000,台湾省,710000,19.6494612044
812,20030324,台湾省,710000,台湾省,710000,18.8765385151
813,20030325,台湾省,710000,台湾省,710000,21.3759250424
814,20030326,台湾省,710000,台湾省,710000,22.8612681302
815,20030327,台湾省,710000,台湾省,710000,22.348553159
816,20030328,台湾省,710000,台湾省,710000,19.2778353366
817,20030329,台湾省,710000,台湾省,710000,21.4506249861
818,20030330,台湾省,710000,台湾省,710000,24.220441168
819,20030331,台湾省,710000,台湾省,710000,25.0488794934
820,20030401,台湾省,710000,台湾省,710000,25.1815421798
821,20030402,台湾省,710000,台湾省,710000,25.6255735701
822,20030403,台湾省,710000,台湾省,710000,22.36337911
823,20030404,台湾省,710000,台湾省,710000,19.8349116065
824,20030405,台湾省,710000,台湾省,710000,19.4373903275
825,20030406,台湾省,710000,台湾省,710000,21.4663555189
826,20030407,台湾省,710000,台湾省,710000,22.8826094757
827,20030408,台湾省,710000,台湾省,710000,22.2397442514
828,20030409,台湾省,710000,台湾省,710000,19.7656694109
829,20030410,台湾省,710000,台湾省,710000,22.6779131456
830,20030411,台湾省,710000,台湾省,710000,24.7650246837
831,20030412,台湾省,710000,台湾省,710000,26.0241433707
832,20030413,台湾省,710000,台湾省,710000,25.0337268873
833,20030414,台湾省,710000,台湾省,710000,22.0676676143
834,20030415,台湾省,710000,台湾省,710000,21.9426809874
835,20030416,台湾省,710000,台湾省,710000,25.0604296381
836,20030417,台湾省,710000,台湾省,710000,25.463007125
837,20030418,台湾省,710000,台湾省,710000,25.9083399339
838,20030419,台湾省,710000,台湾省,710000,26.1108702963
839,20030420,台湾省,710000,台湾省,710000,26.9257313338
840,20030421,台湾省,710000,台湾省,710000,25.3535692258
841,20030422,台湾省,710000,台湾省,710000,26.4210278554
842,20030423,台湾省,710000,台湾省,710000,26.5721346682
843,20030424,台湾省,710000,台湾省,710000,25.7308878682
844,20030425,台湾省,710000,台湾省,710000,26.3015186136
845,20030426,台湾省,710000,台湾省,710000,25.4590361118
846,20030427,台湾省,710000,台湾省,710000,26.1133673191
847,20030428,台湾省,710000,台湾省,710000,26.537964409
848,20030429,台湾省,710000,台湾省,710000,26.8743190549
849,20030430,台湾省,710000,台湾省,710000,23.5618804151
850,20030501,台湾省,710000,台湾省,710000,23.5275646773
851,20030502,台湾省,710000,台湾省,710000,25.7054741166
852,20030503,台湾省,710000,台湾省,710000,26.2447026209
853,20030504,台湾省,710000,台湾省,710000,26.5124306245
854,20030505,台湾省,710000,台湾省,710000,26.8616755876
855,20030506,台湾省,710000,台湾省,710000,27.7650363879
856,20030507,台湾省,710000,台湾省,710000,29.1312605684
857,20030508,台湾省,710000,台湾省,710000,25.8091305603
858,20030509,台湾省,710000,台湾省,710000,24.5481827909
859,20030510,台湾省,710000,台湾省,710000,25.3002458919
860,20030511,台湾省,710000,台湾省,710000,26.9779186249
861,20030512,台湾省,710000,台湾省,710000,27.6804227395
862,20030513,台湾省,710000,台湾省,710000,27.9910580028
863,20030514,台湾省,710000,台湾省,710000,27.7110027183
864,20030515,台湾省,710000,台湾省,710000,26.1236557744
865,20030516,台湾省,710000,台湾省,710000,25.8532088236
866,20030517,台湾省,710000,台湾省,710000,25.4789852663
867,20030518,台湾省,710000,台湾省,710000,23.6685569503
868,20030519,台湾省,710000,台湾省,710000,24.9688764269
869,20030520,台湾省,710000,台湾省,710000,26.4269478321
870,20030521,台湾省,710000,台湾省,710000,26.715623227
871,20030522,台湾省,710000,台湾省,710000,26.4431038336
872,20030523,台湾省,710000,台湾省,710000,26.8349364888
873,20030524,台湾省,710000,台湾省,710000,27.8912555304
874,20030525,台湾省,710000,台湾省,710000,26.8468093872
875,20030526,台湾省,710000,台湾省,710000,25.8713988824
876,20030527,台湾省,710000,台湾省,710000,25.1219283234
877,20030528,台湾省,710000,台湾省,710000,25.7105324702
878,20030529,台湾省,710000,台湾省,710000,26.5267278715
879,20030530,台湾省,710000,台湾省,710000,26.9311653917
880,20030531,台湾省,710000,台湾省,710000,26.3030761589
881,20030601,台湾省,710000,台湾省,710000,26.706189459
882,20030602,台湾省,710000,台湾省,710000,25.8953136531
883,20030603,台湾省,710000,台湾省,710000,26.0547009381
884,20030604,台湾省,710000,台湾省,710000,26.5751350359
885,20030605,台湾省,710000,台湾省,710000,27.4833319187
886,20030606,台湾省,710000,台湾省,710000,26.1980942379
887,20030607,台湾省,710000,台湾省,710000,24.3649298278
888,20030608,台湾省,710000,台湾省,710000,25.1733632521
889,20030609,台湾省,710000,台湾省,710000,26.2270484187
890,20030610,台湾省,710000,台湾省,710000,26.3685461391
891,20030611,台湾省,710000,台湾省,710000,27.33514038
892,20030612,台湾省,710000,台湾省,710000,26.2479084622
893,20030613,台湾省,710000,台湾省,710000,26.8878272663
894,20030614,台湾省,710000,台湾省,710000,27.3755030849
895,20030615,台湾省,710000,台湾省,710000,27.1275789521
896,20030616,台湾省,710000,台湾省,710000,27.0252524506
897,20030617,台湾省,710000,台湾省,710000,27.3041602265
898,20030618,台湾省,710000,台湾省,710000,25.9281103394
899,20030619,台湾省,710000,台湾省,710000,28.3834460865
900,20030620,台湾省,710000,台湾省,710000,27.0180608793
901,20030621,台湾省,710000,台湾省,710000,28.5371049101
902,20030622,台湾省,710000,台湾省,710000,28.693861853
903,20030623,台湾省,710000,台湾省,710000,29.1160305197
904,20030624,台湾省,710000,台湾省,710000,29.368236195
905,20030625,台湾省,710000,台湾省,710000,28.7291786237
906,20030626,台湾省,710000,台湾省,710000,27.7793242064
907,20030627,台湾省,710000,台湾省,710000,29.5867656794
908,20030628,台湾省,710000,台湾省,710000,29.6972618537
909,20030629,台湾省,710000,台湾省,710000,29.452774503
910,20030630,台湾省,710000,台湾省,710000,29.7991086136
911,20030701,台湾省,710000,台湾省,710000,29.779672666
912,20030702,台湾省,710000,台湾省,710000,29.4430616335
913,20030703,台湾省,710000,台湾省,710000,29.6602499268
914,20030704,台湾省,710000,台湾省,710000,29.7856146856
915,20030705,台湾省,710000,台湾省,710000,29.7764620347
916,20030706,台湾省,710000,台湾省,710000,29.8053257249
917,20030707,台湾省,710000,台湾省,710000,30.217435425
918,20030708,台湾省,710000,台湾省,710000,28.8495930542
919,20030709,台湾省,710000,台湾省,710000,28.9058574763
920,20030710,台湾省,710000,台湾省,710000,29.5841171091
921,20030711,台湾省,710000,台湾省,710000,29.2850151929
922,20030712,台湾省,710000,台湾省,710000,30.0616511215
923,20030713,台湾省,710000,台湾省,710000,30.3553948186
924,20030714,台湾省,710000,台湾省,710000,30.7963021669
925,20030715,台湾省,710000,台湾省,710000,31.1826228879
926,20030716,台湾省,710000,台湾省,710000,30.8040942279
927,20030717,台湾省,710000,台湾省,710000,30.1113128012
928,20030718,台湾省,710000,台湾省,710000,30.411183639
929,20030719,台湾省,710000,台湾省,710000,30.5531905998
930,20030720,台湾省,710000,台湾省,710000,30.4720602686
931,20030721,台湾省,710000,台湾省,710000,30.8913610198
932,20030722,台湾省,710000,台湾省,710000,31.0917528759
933,20030723,台湾省,710000,台湾省,710000,30.3809792995
934,20030724,台湾省,710000,台湾省,710000,29.8994687904
935,20030725,台湾省,710000,台湾省,710000,30.0317587419
936,20030726,台湾省,710000,台湾省,710000,30.3590489951
937,20030727,台湾省,710000,台湾省,710000,29.7533754002
938,20030728,台湾省,710000,台湾省,710000,30.5111903711
939,20030729,台湾省,710000,台湾省,710000,30.443806063
940,20030730,台湾省,710000,台湾省,710000,30.332011613
941,20030731,台湾省,710000,台湾省,710000,30.0847214569
942,20030801,台湾省,710000,台湾省,710000,29.7610503977
943,20030802,台湾省,710000,台湾省,710000,30.2656004212
944,20030803,台湾省,710000,台湾省,710000,29.0804766091
945,20030804,台湾省,710000,台湾省,710000,26.4776517478
946,20030805,台湾省,710000,台湾省,710000,27.8708969896
947,20030806,台湾省,710000,台湾省,710000,28.9238165725
948,20030807,台湾省,710000,台湾省,710000,30.0556488904
949,20030808,台湾省,710000,台湾省,710000,30.6252918027
950,20030809,台湾省,710000,台湾省,710000,30.9706361727
951,20030810,台湾省,710000,台湾省,710000,30.4345830137
952,20030811,台湾省,710000,台湾省,710000,28.7519548373
953,20030812,台湾省,710000,台湾省,710000,28.8915735375
954,20030813,台湾省,710000,台湾省,710000,28.9149292599
955,20030814,台湾省,710000,台湾省,710000,29.3774153753
956,20030815,台湾省,710000,台湾省,710000,28.3787994385
957,20030816,台湾省,710000,台湾省,710000,29.3803065473
958,20030817,台湾省,710000,台湾省,710000,29.8198730729
959,20030818,台湾省,710000,台湾省,710000,29.8862444054
960,20030819,台湾省,710000,台湾省,710000,27.8532422022
961,20030820,台湾省,710000,台湾省,710000,27.8224688443
962,20030821,台湾省,710000,台湾省,710000,29.3190384778
963,20030822,台湾省,710000,台湾省,710000,30.1098846306
964,20030823,台湾省,710000,台湾省,710000,29.6750550487
965,20030824,台湾省,710000,台湾省,710000,28.6978020885
966,20030825,台湾省,710000,台湾省,710000,28.5214791298
967,20030826,台湾省,710000,台湾省,710000,28.8616220518
968,20030827,台湾省,710000,台湾省,710000,29.3419015624
969,20030828,台湾省,710000,台湾省,710000,29.3857105429
970,20030829,台湾省,710000,台湾省,710000,29.0640237765
971,20030830,台湾省,710000,台湾省,710000,28.7951596867
972,20030831,台湾省,710000,台湾省,710000,29.1799467694
973,20030901,台湾省,710000,台湾省,710000,28.3111624284
974,20030902,台湾省,710000,台湾省,710000,27.2955657569
975,20030903,台湾省,710000,台湾省,710000,28.1635652239
976,20030904,台湾省,710000,台湾省,710000,29.0341533314
977,20030905,台湾省,710000,台湾省,710000,29.1292817809
978,20030906,台湾省,710000,台湾省,710000,29.2552698092
979,20030907,台湾省,710000,台湾省,710000,29.3045278029
980,20030908,台湾省,710000,台湾省,710000,29.3199645606
981,20030909,台湾省,710000,台湾省,710000,30.115313595
982,20030910,台湾省,710000,台湾省,710000,28.3533155051
983,20030911,台湾省,710000,台湾省,710000,28.0985789299
984,20030912,台湾省,710000,台湾省,710000,28.7924490842
985,20030913,台湾省,710000,台湾省,710000,29.236813762
986,20030914,台湾省,710000,台湾省,710000,29.1037354036
987,20030915,台湾省,710000,台湾省,710000,29.6160092354
988,20030916,台湾省,710000,台湾省,710000,29.4363592538
989,20030917,台湾省,710000,台湾省,710000,29.3143591664
990,20030918,台湾省,710000,台湾省,710000,29.0443103097
991,20030919,台湾省,710000,台湾省,710000,29.249018214
992,20030920,台湾省,710000,台湾省,710000,28.3460054398
993,20030921,台湾省,710000,台湾省,710000,25.9994699088
994,20030922,台湾省,710000,台湾省,710000,25.6888213158
995,20030923,台湾省,710000,台湾省,710000,25.8536570506
996,20030924,台湾省,710000,台湾省,710000,26.7701127963
997,20030925,台湾省,710000,台湾省,710000,28.0516644825
998,20030926,台湾省,710000,台湾省,710000,28.0941662572
999,20030927,台湾省,710000,台湾省,710000,27.8735812577
1000,20030928,台湾省,710000,台湾省,710000,27.1539503228
1001,20030929,台湾省,710000,台湾省,710000,27.5481760719
1002,20030930,台湾省,710000,台湾省,710000,27.5399701812
1003,20031001,台湾省,710000,台湾省,710000,27.5910774794
1004,20031002,台湾省,710000,台湾省,710000,27.76966186
1005,20031003,台湾省,710000,台湾省,710000,27.6076454466
1006,20031004,台湾省,710000,台湾省,710000,26.3073558374
1007,20031005,台湾省,710000,台湾省,710000,26.4209713502
1008,20031006,台湾省,710000,台湾省,710000,26.0749201775
1009,20031007,台湾省,710000,台湾省,710000,26.3980375853
1010,20031008,台湾省,710000,台湾省,710000,27.0514849316
1011,20031009,台湾省,710000,台湾省,710000,26.2597531405
1012,20031010,台湾省,710000,台湾省,710000,27.3767654896
1013,20031011,台湾省,710000,台湾省,710000,27.1007296606
1014,20031012,台湾省,710000,台湾省,710000,27.7957982367
1015,20031013,台湾省,710000,台湾省,710000,26.9859945774
1016,20031014,台湾省,710000,台湾省,710000,23.579129024
1017,20031015,台湾省,710000,台湾省,710000,23.3340026682
1018,20031016,台湾省,710000,台湾省,710000,23.1270769509
1019,20031017,台湾省,710000,台湾省,710000,24.4276387258
1020,20031018,台湾省,710000,台湾省,710000,23.8274930824
1021,20031019,台湾省,710000,台湾省,710000,24.0665182634
1022,20031020,台湾省,710000,台湾省,710000,24.5882365704
1023,20031021,台湾省,710000,台湾省,710000,24.0301845074
1024,20031022,台湾省,710000,台湾省,710000,23.0763581233
1025,20031023,台湾省,710000,台湾省,710000,22.4378483295
1026,20031024,台湾省,710000,台湾省,710000,22.1007676775
1027,20031025,台湾省,710000,台湾省,710000,22.4982460195
1028,20031026,台湾省,710000,台湾省,710000,23.5546229319
1029,20031027,台湾省,710000,台湾省,710000,23.936292605
1030,20031028,台湾省,710000,台湾省,710000,24.3945125667
1031,20031029,台湾省,710000,台湾省,710000,24.352377263
1032,20031030,台湾省,710000,台湾省,710000,23.6742167473
1033,20031031,台湾省,710000,台湾省,710000,24.4580567533
1034,20031101,台湾省,710000,台湾省,710000,25.8447566032
1035,20031102,台湾省,710000,台湾省,710000,25.3188691789
1036,20031103,台湾省,710000,台湾省,710000,23.8674023802
1037,20031104,台湾省,710000,台湾省,710000,24.3358860666
1038,20031105,台湾省,710000,台湾省,710000,24.6206708605
1039,20031106,台湾省,710000,台湾省,710000,26.1100821929
1040,20031107,台湾省,710000,台湾省,710000,26.246842406
1041,20031108,台湾省,710000,台湾省,710000,26.1800635511
1042,20031109,台湾省,710000,台湾省,710000,24.5545274344
1043,20031110,台湾省,710000,台湾省,710000,23.5024692795
1044,20031111,台湾省,710000,台湾省,710000,21.4356347864
1045,20031112,台湾省,710000,台湾省,710000,20.8378385414
1046,20031113,台湾省,710000,台湾省,710000,21.9548547485
1047,20031114,台湾省,710000,台湾省,710000,23.322251515
1048,20031115,台湾省,710000,台湾省,710000,24.4371126782
1049,20031116,台湾省,710000,台湾省,710000,23.3551873077
1050,20031117,台湾省,710000,台湾省,710000,23.5330448584
1051,20031118,台湾省,710000,台湾省,710000,24.8795704625
1052,20031119,台湾省,710000,台湾省,710000,25.015164592
1053,20031120,台湾省,710000,台湾省,710000,25.8324207393
1054,20031121,台湾省,710000,台湾省,710000,22.3669485396
1055,20031122,台湾省,710000,台湾省,710000,19.2785873847
1056,20031123,台湾省,710000,台湾省,710000,21.9537707892
1057,20031124,台湾省,710000,台湾省,710000,23.3266285766
1058,20031125,台湾省,710000,台湾省,710000,23.0032447902
1059,20031126,台湾省,710000,台湾省,710000,22.0779642192
1060,20031127,台湾省,710000,台湾省,710000,21.6723826582
1061,20031128,台湾省,710000,台湾省,710000,20.7919916456
1062,20031129,台湾省,710000,台湾省,710000,17.8956805901
1063,20031130,台湾省,710000,台湾省,710000,17.2265119119
1064,20031201,台湾省,710000,台湾省,710000,18.5031188618
1065,20031202,台湾省,710000,台湾省,710000,19.2796918262
1066,20031203,台湾省,710000,台湾省,710000,20.018788316
1067,20031204,台湾省,710000,台湾省,710000,20.8101022894
1068,20031205,台湾省,710000,台湾省,710000,22.3211286935
1069,20031206,台湾省,710000,台湾省,710000,21.9172611887
1070,20031207,台湾省,710000,台湾省,710000,19.4215390249
1071,20031208,台湾省,710000,台湾省,710000,20.9578736695
1072,20031209,台湾省,710000,台湾省,710000,20.6706589352
1073,20031210,台湾省,710000,台湾省,710000,21.0532237616
1074,20031211,台湾省,710000,台湾省,710000,19.4147490155
1075,20031212,台湾省,710000,台湾省,710000,16.277317188
1076,20031213,台湾省,710000,台湾省,710000,16.0038164637
1077,20031214,台湾省,710000,台湾省,710000,15.9597215544
1078,20031215,台湾省,710000,台湾省,710000,16.6768240278
1079,20031216,台湾省,710000,台湾省,710000,17.8991666274
1080,20031217,台湾省,710000,台湾省,710000,18.5406617251
1081,20031218,台湾省,710000,台湾省,710000,18.7585479346
1082,20031219,台湾省,710000,台湾省,710000,12.6079620773
1083,20031220,台湾省,710000,台湾省,710000,14.5443575057
1084,20031221,台湾省,710000,台湾省,710000,16.8591208891
1085,20031222,台湾省,710000,台湾省,710000,18.201477766
1086,20031223,台湾省,710000,台湾省,710000,19.109148329
1087,20031224,台湾省,710000,台湾省,710000,19.7586631341
1088,20031225,台湾省,710000,台湾省,710000,19.9959924221
1089,20031226,台湾省,710000,台湾省,710000,15.6383539438
1090,20031227,台湾省,710000,台湾省,710000,15.2683547193
1091,20031228,台湾省,710000,台湾省,710000,17.6433649713
1092,20031229,台湾省,710000,台湾省,710000,18.3271647475
1093,20031230,台湾省,710000,台湾省,710000,19.4892693433
1094,20031231,台湾省,710000,台湾省,710000,18.9901480241
1095,20040101,台湾省,710000,台湾省,710000,19.070218303
1096,20040102,台湾省,710000,台湾省,710000,18.8960718458
1097,20040103,台湾省,710000,台湾省,710000,19.7270879312
1098,20040104,台湾省,710000,台湾省,710000,21.030159105
1099,20040105,台湾省,710000,台湾省,710000,21.2281233181
1100,20040106,台湾省,710000,台湾省,710000,20.7584625808
1101,20040107,台湾省,710000,台湾省,710000,19.6902324503
1102,20040108,台湾省,710000,台湾省,710000,19.4407054728
1103,20040109,台湾省,710000,台湾省,710000,20.09185739
1104,20040110,台湾省,710000,台湾省,710000,20.9010119872
1105,20040111,台湾省,710000,台湾省,710000,18.7940741561
1106,20040112,台湾省,710000,台湾省,710000,16.1061236317
1107,20040113,台湾省,710000,台湾省,710000,14.8150166381
1108,20040114,台湾省,710000,台湾省,710000,17.3082877723
1109,20040115,台湾省,710000,台湾省,710000,18.5011694648
1110,20040116,台湾省,710000,台湾省,710000,19.3176349727
1111,20040117,台湾省,710000,台湾省,710000,17.0165515921
1112,20040118,台湾省,710000,台湾省,710000,18.5060282621
1113,20040119,台湾省,710000,台湾省,710000,14.2000720718
1114,20040120,台湾省,710000,台湾省,710000,13.8229511218
1115,20040121,台湾省,710000,台湾省,710000,12.1872463768
1116,20040122,台湾省,710000,台湾省,710000,12.1745135026
1117,20040123,台湾省,710000,台湾省,710000,12.7507170005
1118,20040124,台湾省,710000,台湾省,710000,10.5071586587
1119,20040125,台湾省,710000,台湾省,710000,11.7911791476
1120,20040126,台湾省,710000,台湾省,710000,15.8498288068
1121,20040127,台湾省,710000,台湾省,710000,14.0974582434
1122,20040128,台湾省,710000,台湾省,710000,14.465472048
1123,20040129,台湾省,710000,台湾省,710000,16.4796525999
1124,20040130,台湾省,710000,台湾省,710000,17.6109425913
1125,20040131,台湾省,710000,台湾省,710000,18.2498662689
1126,20040201,台湾省,710000,台湾省,710000,19.635337938
1127,20040202,台湾省,710000,台湾省,710000,17.9188366587
1128,20040203,台湾省,710000,台湾省,710000,14.1097707423
1129,20040204,台湾省,710000,台湾省,710000,13.5199359005
1130,20040205,台湾省,710000,台湾省,710000,12.8773303249
1131,20040206,台湾省,710000,台湾省,710000,13.6121326793
1132,20040207,台湾省,710000,台湾省,710000,12.5772137317
1133,20040208,台湾省,710000,台湾省,710000,13.7097984227
1134,20040209,台湾省,710000,台湾省,710000,14.0573756045
1135,20040210,台湾省,710000,台湾省,710000,16.8678105961
1136,20040211,台湾省,710000,台湾省,710000,18.2466275909
1137,20040212,台湾省,710000,台湾省,710000,18.8414441889
1138,20040213,台湾省,710000,台湾省,710000,18.2217750333
1139,20040214,台湾省,710000,台湾省,710000,19.0963974866
1140,20040215,台湾省,710000,台湾省,710000,19.664742925
1141,20040216,台湾省,710000,台湾省,710000,20.0272686481
1142,20040217,台湾省,710000,台湾省,710000,19.7905225754
1143,20040218,台湾省,710000,台湾省,710000,19.642165054
1144,20040219,台湾省,710000,台湾省,710000,20.3976271586
1145,20040220,台湾省,710000,台湾省,710000,21.073302334
1146,20040221,台湾省,710000,台湾省,710000,21.8040916269
1147,20040222,台湾省,710000,台湾省,710000,21.7040936513
1148,20040223,台湾省,710000,台湾省,710000,19.2615519437
1149,20040224,台湾省,710000,台湾省,710000,19.7029547908
1150,20040225,台湾省,710000,台湾省,710000,19.7272058834
1151,20040226,台湾省,710000,台湾省,710000,20.369244012
1152,20040227,台湾省,710000,台湾省,710000,21.0149183707
1153,20040228,台湾省,710000,台湾省,710000,22.5415316495
1154,20040229,台湾省,710000,台湾省,710000,23.9900264523
1155,20040301,台湾省,710000,台湾省,710000,20.3819165988
1156,20040302,台湾省,710000,台湾省,710000,17.8130564906
1157,20040303,台湾省,710000,台湾省,710000,15.3871901469
1158,20040304,台湾省,710000,台湾省,710000,15.0138398734
1159,20040305,台湾省,710000,台湾省,710000,19.1935266148
1160,20040306,台湾省,710000,台湾省,710000,15.4038078135
1161,20040307,台湾省,710000,台湾省,710000,14.8755930987
1162,20040308,台湾省,710000,台湾省,710000,16.8478685292
1163,20040309,台湾省,710000,台湾省,710000,19.2145526626
1164,20040310,台湾省,710000,台湾省,710000,22.383419427
1165,20040311,台湾省,710000,台湾省,710000,23.7602642883
1166,20040312,台湾省,710000,台湾省,710000,20.9095061259
1167,20040313,台湾省,710000,台湾省,710000,20.5453325618
1168,20040314,台湾省,710000,台湾省,710000,20.0932132114
1169,20040315,台湾省,710000,台湾省,710000,21.2155172175
1170,20040316,台湾省,710000,台湾省,710000,22.5516299551
1171,20040317,台湾省,710000,台湾省,710000,23.6139739643
1172,20040318,台湾省,710000,台湾省,710000,19.3051426844
1173,20040319,台湾省,710000,台湾省,710000,20.2926599329
1174,20040320,台湾省,710000,台湾省,710000,20.9832494909
1175,20040321,台湾省,710000,台湾省,710000,20.7548517314
1176,20040322,台湾省,710000,台湾省,710000,18.6460453597
1177,20040323,台湾省,710000,台湾省,710000,19.418869257
1178,20040324,台湾省,710000,台湾省,710000,20.4016914368
1179,20040325,台湾省,710000,台湾省,710000,19.3283530365
1180,20040326,台湾省,710000,台湾省,710000,17.4422649579
1181,20040327,台湾省,710000,台湾省,710000,18.9435720552
1182,20040328,台湾省,710000,台湾省,710000,19.6733088493
1183,20040329,台湾省,710000,台湾省,710000,21.6095923077
1184,20040330,台湾省,710000,台湾省,710000,21.0959764177
1185,20040331,台湾省,710000,台湾省,710000,20.3458766937
1186,20040401,台湾省,710000,台湾省,710000,22.0203848752
1187,20040402,台湾省,710000,台湾省,710000,20.3960572156
1188,20040403,台湾省,710000,台湾省,710000,19.3455995863
1189,20040404,台湾省,710000,台湾省,710000,18.4211914864
1190,20040405,台湾省,710000,台湾省,710000,20.0458825502
1191,20040406,台湾省,710000,台湾省,710000,22.3341913873
1192,20040407,台湾省,710000,台湾省,710000,23.1005790017
1193,20040408,台湾省,710000,台湾省,710000,18.1933682507
1194,20040409,台湾省,710000,台湾省,710000,20.1993049925
1195,20040410,台湾省,710000,台湾省,710000,22.5767857595
1196,20040411,台湾省,710000,台湾省,710000,24.7067615336
1197,20040412,台湾省,710000,台湾省,710000,25.4724279534
1198,20040413,台湾省,710000,台湾省,710000,24.7698547407
1199,20040414,台湾省,710000,台湾省,710000,23.0218316425
1200,20040415,台湾省,710000,台湾省,710000,21.3746690317
1201,20040416,台湾省,710000,台湾省,710000,23.0132068287
1202,20040417,台湾省,710000,台湾省,710000,23.7976548238
1203,20040418,台湾省,710000,台湾省,710000,26.0526258295
1204,20040419,台湾省,710000,台湾省,710000,26.0195967067
1205,20040420,台湾省,710000,台湾省,710000,26.1358072324
1206,20040421,台湾省,710000,台湾省,710000,26.5044788231
1207,20040422,台湾省,710000,台湾省,710000,27.6786199483
1208,20040423,台湾省,710000,台湾省,710000,24.8262996457
1209,20040424,台湾省,710000,台湾省,710000,22.0592142885
1210,20040425,台湾省,710000,台湾省,710000,24.3249318166
1211,20040426,台湾省,710000,台湾省,710000,26.5792388266
1212,20040427,台湾省,710000,台湾省,710000,23.0880424543
1213,20040428,台湾省,710000,台湾省,710000,23.4191395153
1214,20040429,台湾省,710000,台湾省,710000,25.1347214092
1215,20040430,台湾省,710000,台湾省,710000,26.0628024231
1216,20040501,台湾省,710000,台湾省,710000,27.9142176671
1217,20040502,台湾省,710000,台湾省,710000,28.0662195466
1218,20040503,台湾省,710000,台湾省,710000,28.5113671476
1219,20040504,台湾省,710000,台湾省,710000,25.512128158
1220,20040505,台湾省,710000,台湾省,710000,23.0064866326
1221,20040506,台湾省,710000,台湾省,710000,24.2057006793
1222,20040507,台湾省,710000,台湾省,710000,25.8031434146
1223,20040508,台湾省,710000,台湾省,710000,27.8443590944
1224,20040509,台湾省,710000,台湾省,710000,27.1014336673
1225,20040510,台湾省,710000,台湾省,710000,27.808714975
1226,20040511,台湾省,710000,台湾省,710000,28.5032998649
1227,20040512,台湾省,710000,台湾省,710000,28.5512150201
1228,20040513,台湾省,710000,台湾省,710000,28.5634924498
1229,20040514,台湾省,710000,台湾省,710000,27.7403327985
1230,20040515,台湾省,710000,台湾省,710000,28.6184042801
1231,20040516,台湾省,710000,台湾省,710000,28.7998182557
1232,20040517,台湾省,710000,台湾省,710000,26.799278476
1233,20040518,台湾省,710000,台湾省,710000,27.5501440655
1234,20040519,台湾省,710000,台湾省,710000,27.3513184894
1235,20040520,台湾省,710000,台湾省,710000,24.2351713614
1236,20040521,台湾省,710000,台湾省,710000,23.3654873588
1237,20040522,台湾省,710000,台湾省,710000,24.4516555179
1238,20040523,台湾省,710000,台湾省,710000,26.5975335295
1239,20040524,台湾省,710000,台湾省,710000,26.958477172
1240,20040525,台湾省,710000,台湾省,710000,28.1237380721
1241,20040526,台湾省,710000,台湾省,710000,28.0419013717
1242,20040527,台湾省,710000,台湾省,710000,28.2418885881
1243,20040528,台湾省,710000,台湾省,710000,28.5945751667
1244,20040529,台湾省,710000,台湾省,710000,28.5524575494
1245,20040530,台湾省,710000,台湾省,710000,27.9595562545
1246,20040531,台湾省,710000,台湾省,710000,27.7910633737
1247,20040601,台湾省,710000,台湾省,710000,27.9776383963
1248,20040602,台湾省,710000,台湾省,710000,27.5747228102
1249,20040603,台湾省,710000,台湾省,710000,26.2197542841
1250,20040604,台湾省,710000,台湾省,710000,26.5881228664
1251,20040605,台湾省,710000,台湾省,710000,25.9307142388
1252,20040606,台湾省,710000,台湾省,710000,26.7494026097
1253,20040607,台湾省,710000,台湾省,710000,27.4219662276
1254,20040608,台湾省,710000,台湾省,710000,26.5044102019
1255,20040609,台湾省,710000,台湾省,710000,25.6191064228
1256,20040610,台湾省,710000,台湾省,710000,26.0038787668
1257,20040611,台湾省,710000,台湾省,710000,26.7991334092
1258,20040612,台湾省,710000,台湾省,710000,27.0169611627
1259,20040613,台湾省,710000,台湾省,710000,26.9318208478
1260,20040614,台湾省,710000,台湾省,710000,27.501046961
1261,20040615,台湾省,710000,台湾省,710000,27.3624207757
1262,20040616,台湾省,710000,台湾省,710000,27.9175359119
1263,20040617,台湾省,710000,台湾省,710000,28.1758315563
1264,20040618,台湾省,710000,台湾省,710000,28.6364399953
1265,20040619,台湾省,710000,台湾省,710000,29.5472242832
1266,20040620,台湾省,710000,台湾省,710000,29.2551236369
1267,20040621,台湾省,710000,台湾省,710000,28.5679132288
1268,20040622,台湾省,710000,台湾省,710000,29.0423105413
1269,20040623,台湾省,710000,台湾省,710000,29.2699988105
1270,20040624,台湾省,710000,台湾省,710000,29.300735647
1271,20040625,台湾省,710000,台湾省,710000,29.2851995555
1272,20040626,台湾省,710000,台湾省,710000,29.9131976691
1273,20040627,台湾省,710000,台湾省,710000,29.9239739721
1274,20040628,台湾省,710000,台湾省,710000,30.337238897
1275,20040629,台湾省,710000,台湾省,710000,30.1088591706
1276,20040630,台湾省,710000,台湾省,710000,29.6472786123
1277,20040701,台湾省,710000,台湾省,710000,28.9872773127
1278,20040702,台湾省,710000,台湾省,710000,26.6065739068
1279,20040703,台湾省,710000,台湾省,710000,27.8842895031
1280,20040704,台湾省,710000,台湾省,710000,27.1640981544
1281,20040705,台湾省,710000,台湾省,710000,27.2451521917
1282,20040706,台湾省,710000,台湾省,710000,29.544366143
1283,20040707,台湾省,710000,台湾省,710000,29.2158533877
1284,20040708,台湾省,710000,台湾省,710000,28.0055658817
1285,20040709,台湾省,710000,台湾省,710000,28.6263170459
1286,20040710,台湾省,710000,台湾省,710000,29.444070621
1287,20040711,台湾省,710000,台湾省,710000,29.2095835859
1288,20040712,台湾省,710000,台湾省,710000,29.5112399188
1289,20040713,台湾省,710000,台湾省,710000,29.6604612741
1290,20040714,台湾省,710000,台湾省,710000,29.5673639991
1291,20040715,台湾省,710000,台湾省,710000,28.7097014514
1292,20040716,台湾省,710000,台湾省,710000,27.7730062225
1293,20040717,台湾省,710000,台湾省,710000,28.0458770232
1294,20040718,台湾省,710000,台湾省,710000,26.212309859
1295,20040719,台湾省,710000,台湾省,710000,28.1155421951
1296,20040720,台湾省,710000,台湾省,710000,29.3104761297
1297,20040721,台湾省,710000,台湾省,710000,29.5935680866
1298,20040722,台湾省,710000,台湾省,710000,29.4675544609
1299,20040723,台湾省,710000,台湾省,710000,29.0047949227
1300,20040724,台湾省,710000,台湾省,710000,28.7917282581
1301,20040725,台湾省,710000,台湾省,710000,29.5631147298
1302,20040726,台湾省,710000,台湾省,710000,28.1583492106
1303,20040727,台湾省,710000,台湾省,710000,27.811025988
1304,20040728,台湾省,710000,台湾省,710000,27.6363633763
1305,20040729,台湾省,710000,台湾省,710000,28.6749506213
1306,20040730,台湾省,710000,台湾省,710000,28.9851805947
1307,20040731,台湾省,710000,台湾省,710000,29.7026456486
1308,20040801,台湾省,710000,台湾省,710000,29.6111174063
1309,20040802,台湾省,710000,台湾省,710000,27.8994587335
1310,20040803,台湾省,710000,台湾省,710000,27.8976866982
1311,20040804,台湾省,710000,台湾省,710000,28.7266439958
1312,20040805,台湾省,710000,台湾省,710000,28.9030702981
1313,20040806,台湾省,710000,台湾省,710000,29.8982245489
1314,20040807,台湾省,710000,台湾省,710000,29.9508278803
1315,20040808,台湾省,710000,台湾省,710000,29.6598789692
1316,20040809,台湾省,710000,台湾省,710000,29.2104461843
1317,20040810,台湾省,710000,台湾省,710000,29.6331558228
1318,20040811,台湾省,710000,台湾省,710000,29.0398017927
1319,20040812,台湾省,710000,台湾省,710000,29.0572451245
1320,20040813,台湾省,710000,台湾省,710000,29.5698812875
1321,20040814,台湾省,710000,台湾省,710000,28.8882885846
1322,20040815,台湾省,710000,台湾省,710000,29.4663837173
1323,20040816,台湾省,710000,台湾省,710000,29.4296798706
1324,20040817,台湾省,710000,台湾省,710000,29.2613123113
1325,20040818,台湾省,710000,台湾省,710000,29.7390158827
1326,20040819,台湾省,710000,台湾省,710000,29.4184266004
1327,20040820,台湾省,710000,台湾省,710000,28.1123714447
1328,20040821,台湾省,710000,台湾省,710000,28.8709160848
1329,20040822,台湾省,710000,台湾省,710000,29.2529983954
1330,20040823,台湾省,710000,台湾省,710000,29.2374148152
1331,20040824,台湾省,710000,台湾省,710000,28.2656584436
1332,20040825,台湾省,710000,台湾省,710000,26.5767305331
1333,20040826,台湾省,710000,台湾省,710000,28.4942008149
1334,20040827,台湾省,710000,台湾省,710000,28.1303224347
1335,20040828,台湾省,710000,台湾省,710000,28.1488649195
1336,20040829,台湾省,710000,台湾省,710000,28.4272933873
1337,20040830,台湾省,710000,台湾省,710000,29.3936798356
1338,20040831,台湾省,710000,台湾省,710000,29.3421945789
1339,20040901,台湾省,710000,台湾省,710000,29.890947472
1340,20040902,台湾省,710000,台湾省,710000,29.520803755
1341,20040903,台湾省,710000,台湾省,710000,29.5439955538
1342,20040904,台湾省,710000,台湾省,710000,29.1213718111
1343,20040905,台湾省,710000,台湾省,710000,27.7493767088
1344,20040906,台湾省,710000,台湾省,710000,28.8517966487
1345,20040907,台湾省,710000,台湾省,710000,28.3774344921
1346,20040908,台湾省,710000,台湾省,710000,26.1773692478
1347,20040909,台湾省,710000,台湾省,710000,26.2025672956
1348,20040910,台湾省,710000,台湾省,710000,25.5057940483
1349,20040911,台湾省,710000,台湾省,710000,24.937310869
1350,20040912,台湾省,710000,台湾省,710000,25.2480828329
1351,20040913,台湾省,710000,台湾省,710000,27.0019899932
1352,20040914,台湾省,710000,台湾省,710000,26.7015382593
1353,20040915,台湾省,710000,台湾省,710000,25.3444639553
1354,20040916,台湾省,710000,台湾省,710000,26.5583898588
1355,20040917,台湾省,710000,台湾省,710000,27.9959575913
1356,20040918,台湾省,710000,台湾省,710000,28.1021068746
1357,20040919,台湾省,710000,台湾省,710000,28.1974052082
1358,20040920,台湾省,710000,台湾省,710000,27.6627384966
1359,20040921,台湾省,710000,台湾省,710000,27.3560558449
1360,20040922,台湾省,710000,台湾省,710000,26.2700026902
1361,20040923,台湾省,710000,台湾省,710000,26.0669210391
1362,20040924,台湾省,710000,台湾省,710000,26.2163368138
1363,20040925,台湾省,710000,台湾省,710000,25.7535759102
1364,20040926,台湾省,710000,台湾省,710000,26.8176341707
1365,20040927,台湾省,710000,台湾省,710000,26.8654454405
1366,20040928,台湾省,710000,台湾省,710000,27.278824221
1367,20040929,台湾省,710000,台湾省,710000,27.3314674984
1368,20040930,台湾省,710000,台湾省,710000,27.6253785437
1369,20041001,台湾省,710000,台湾省,710000,26.945467277
1370,20041002,台湾省,710000,台湾省,710000,24.6963207722
1371,20041003,台湾省,710000,台湾省,710000,22.2973475673
1372,20041004,台湾省,710000,台湾省,710000,23.6286561272
1373,20041005,台湾省,710000,台湾省,710000,23.0543175394
1374,20041006,台湾省,710000,台湾省,710000,24.3421132565
1375,20041007,台湾省,710000,台湾省,710000,24.5327699401
1376,20041008,台湾省,710000,台湾省,710000,23.5431583795
1377,20041009,台湾省,710000,台湾省,710000,24.7910436283
1378,20041010,台湾省,710000,台湾省,710000,23.4300504814
1379,20041011,台湾省,710000,台湾省,710000,22.4260321097
1380,20041012,台湾省,710000,台湾省,710000,23.9513587952
1381,20041013,台湾省,710000,台湾省,710000,23.8477983041
1382,20041014,台湾省,710000,台湾省,710000,24.1940364404
1383,20041015,台湾省,710000,台湾省,710000,23.0711392056
1384,20041016,台湾省,710000,台湾省,710000,23.9807281928
1385,20041017,台湾省,710000,台湾省,710000,24.4446443428
1386,20041018,台湾省,710000,台湾省,710000,24.5062058839
1387,20041019,台湾省,710000,台湾省,710000,23.2624859593
1388,20041020,台湾省,710000,台湾省,710000,23.1547565027
1389,20041021,台湾省,710000,台湾省,710000,23.973300457
1390,20041022,台湾省,710000,台湾省,710000,24.1183801348
1391,20041023,台湾省,710000,台湾省,710000,24.3413977623
1392,20041024,台湾省,710000,台湾省,710000,25.2273972251
1393,20041025,台湾省,710000,台湾省,710000,24.0672049306
1394,20041026,台湾省,710000,台湾省,710000,22.839063406
1395,20041027,台湾省,710000,台湾省,710000,21.8500512947
1396,20041028,台湾省,710000,台湾省,710000,22.8969599984
1397,20041029,台湾省,710000,台湾省,710000,24.0305330753
1398,20041030,台湾省,710000,台湾省,710000,23.5302811753
1399,20041031,台湾省,710000,台湾省,710000,23.0384440856
1400,20041101,台湾省,710000,台湾省,710000,23.764038281
1401,20041102,台湾省,710000,台湾省,710000,22.8661308072
1402,20041103,台湾省,710000,台湾省,710000,23.0649681958
1403,20041104,台湾省,710000,台湾省,710000,23.2501825636
1404,20041105,台湾省,710000,台湾省,710000,23.870294701
1405,20041106,台湾省,710000,台湾省,710000,23.6987027255
1406,20041107,台湾省,710000,台湾省,710000,23.6908066056
1407,20041108,台湾省,710000,台湾省,710000,24.5197576393
1408,20041109,台湾省,710000,台湾省,710000,25.1430757696
1409,20041110,台湾省,710000,台湾省,710000,25.3677575371
1410,20041111,台湾省,710000,台湾省,710000,25.2284088135
1411,20041112,台湾省,710000,台湾省,710000,24.8515067968
1412,20041113,台湾省,710000,台湾省,710000,24.9865586107
1413,20041114,台湾省,710000,台湾省,710000,24.957166325
1414,20041115,台湾省,710000,台湾省,710000,22.4134791114
1415,20041116,台湾省,710000,台湾省,710000,21.5290766846
1416,20041117,台湾省,710000,台湾省,710000,21.7150600607
1417,20041118,台湾省,710000,台湾省,710000,20.8140500025
1418,20041119,台湾省,710000,台湾省,710000,20.07158986
1419,20041120,台湾省,710000,台湾省,710000,21.0866914662
1420,20041121,台湾省,710000,台湾省,710000,21.5202679634
1421,20041122,台湾省,710000,台湾省,710000,22.0993367759
1422,20041123,台湾省,710000,台湾省,710000,23.2218051173
1423,20041124,台湾省,710000,台湾省,710000,24.0394377058
1424,20041125,台湾省,710000,台湾省,710000,24.6577534676
1425,20041126,台湾省,710000,台湾省,710000,21.1875118993
1426,20041127,台湾省,710000,台湾省,710000,19.8700673147
1427,20041128,台湾省,710000,台湾省,710000,20.6324360804
1428,20041129,台湾省,710000,台湾省,710000,21.0710791458
1429,20041130,台湾省,710000,台湾省,710000,22.2018651529
1430,20041201,台湾省,710000,台湾省,710000,22.7335173433
1431,20041202,台湾省,710000,台湾省,710000,23.5435993671
1432,20041203,台湾省,710000,台湾省,710000,22.5589192347
1433,20041204,台湾省,710000,台湾省,710000,20.3745215156
1434,20041205,台湾省,710000,台湾省,710000,17.3257876418
1435,20041206,台湾省,710000,台湾省,710000,19.7946260626
1436,20041207,台湾省,710000,台湾省,710000,18.8711037419
1437,20041208,台湾省,710000,台湾省,710000,18.598138289
1438,20041209,台湾省,710000,台湾省,710000,19.8350709135
1439,20041210,台湾省,710000,台湾省,710000,19.9978239103
1440,20041211,台湾省,710000,台湾省,710000,21.0835586895
1441,20041212,台湾省,710000,台湾省,710000,20.7027588541
1442,20041213,台湾省,710000,台湾省,710000,19.9275043011
1443,20041214,台湾省,710000,台湾省,710000,20.5212271864
1444,20041215,台湾省,710000,台湾省,710000,20.9149026654
1445,20041216,台湾省,710000,台湾省,710000,21.4416900548
1446,20041217,台湾省,710000,台湾省,710000,21.365533742
1447,20041218,台湾省,710000,台湾省,710000,21.6499058117
1448,20041219,台湾省,710000,台湾省,710000,20.9989347241
1449,20041220,台湾省,710000,台湾省,710000,20.0966364037
1450,20041221,台湾省,710000,台湾省,710000,20.1071651415
1451,20041222,台湾省,710000,台湾省,710000,21.5396133336
1452,20041223,台湾省,710000,台湾省,710000,20.6319486228
1453,20041224,台湾省,710000,台湾省,710000,19.6455838464
1454,20041225,台湾省,710000,台湾省,710000,19.2530655861
1455,20041226,台湾省,710000,台湾省,710000,20.0449807861
1456,20041227,台湾省,710000,台湾省,710000,19.0002435988
1457,20041228,台湾省,710000,台湾省,710000,16.3100371903
1458,20041229,台湾省,710000,台湾省,710000,16.4382473772
1459,20041230,台湾省,710000,台湾省,710000,17.4957694574
1460,20041231,台湾省,710000,台湾省,710000,10.7780419696
1461,20050101,台湾省,710000,台湾省,710000,10.6428161643
1462,20050102,台湾省,710000,台湾省,710000,13.8005098646
1463,20050103,台湾省,710000,台湾省,710000,17.7840569453
1464,20050104,台湾省,710000,台湾省,710000,17.2100987543
1465,20050105,台湾省,710000,台湾省,710000,18.2980437279
1466,20050106,台湾省,710000,台湾省,710000,18.5597364902
1467,20050107,台湾省,710000,台湾省,710000,18.8199064623
1468,20050108,台湾省,710000,台湾省,710000,17.3845831914
1469,20050109,台湾省,710000,台湾省,710000,15.8855077353
1470,20050110,台湾省,710000,台湾省,710000,16.8242500262
1471,20050111,台湾省,710000,台湾省,710000,18.1374667775
1472,20050112,台湾省,710000,台湾省,710000,17.2653952078
1473,20050113,台湾省,710000,台湾省,710000,16.118461403
1474,20050114,台湾省,710000,台湾省,710000,13.9718040661
1475,20050115,台湾省,710000,台湾省,710000,12.4987620766
1476,20050116,台湾省,710000,台湾省,710000,12.3995560408
1477,20050117,台湾省,710000,台湾省,710000,14.3268922459
1478,20050118,台湾省,710000,台湾省,710000,16.7345196225
1479,20050119,台湾省,710000,台湾省,710000,17.0466903882
1480,20050120,台湾省,710000,台湾省,710000,16.737264178
1481,20050121,台湾省,710000,台湾省,710000,17.3643318957
1482,20050122,台湾省,710000,台湾省,710000,18.7589114904
1483,20050123,台湾省,710000,台湾省,710000,17.9405355562
1484,20050124,台湾省,710000,台湾省,710000,19.7997262911
1485,20050125,台湾省,710000,台湾省,710000,21.2343987335
1486,20050126,台湾省,710000,台湾省,710000,18.8700892058
1487,20050127,台湾省,710000,台湾省,710000,19.0435685786
1488,20050128,台湾省,710000,台湾省,710000,18.2496738867
1489,20050129,台湾省,710000,台湾省,710000,19.1805411902
1490,20050130,台湾省,710000,台湾省,710000,16.6378680901
1491,20050131,台湾省,710000,台湾省,710000,14.1314551288
1492,20050201,台湾省,710000,台湾省,710000,13.6374591589
1493,20050202,台湾省,710000,台湾省,710000,13.5748526508
1494,20050203,台湾省,710000,台湾省,710000,16.3651446646
1495,20050204,台湾省,710000,台湾省,710000,18.7532563643
1496,20050205,台湾省,710000,台湾省,710000,19.7085735148
1497,20050206,台湾省,710000,台湾省,710000,20.3515697826
1498,20050207,台湾省,710000,台湾省,710000,21.868275599
1499,20050208,台湾省,710000,台湾省,710000,20.1464213458
1500,20050209,台湾省,710000,台湾省,710000,19.677968903
1501,20050210,台湾省,710000,台湾省,710000,17.7513615977
1502,20050211,台湾省,710000,台湾省,710000,17.5437427868
1503,20050212,台湾省,710000,台湾省,710000,17.7069036744
1504,20050213,台湾省,710000,台湾省,710000,18.3098240115
1505,20050214,台湾省,710000,台湾省,710000,19.6180646853
1506,20050215,台湾省,710000,台湾省,710000,22.9493720748
1507,20050216,台湾省,710000,台湾省,710000,22.9865416397
1508,20050217,台湾省,710000,台湾省,710000,20.5999294303
1509,20050218,台湾省,710000,台湾省,710000,16.734619314
1510,20050219,台湾省,710000,台湾省,710000,12.1316525286
1511,20050220,台湾省,710000,台湾省,710000,10.0915371505
1512,20050221,台湾省,710000,台湾省,710000,12.9444372979
1513,20050222,台湾省,710000,台湾省,710000,16.5026486462
1514,20050223,台湾省,710000,台湾省,710000,19.8976635066
1515,20050224,台湾省,710000,台湾省,710000,21.5049570691
1516,20050225,台湾省,710000,台湾省,710000,18.6725389957
1517,20050226,台湾省,710000,台湾省,710000,15.7799386653
1518,20050227,台湾省,710000,台湾省,710000,16.8457732309
1519,20050228,台湾省,710000,台湾省,710000,14.7386260791
1520,20050301,台湾省,710000,台湾省,710000,15.8405697346
1521,20050302,台湾省,710000,台湾省,710000,16.8329581889
1522,20050303,台湾省,710000,台湾省,710000,13.2487476089
1523,20050304,台湾省,710000,台湾省,710000,12.3721198711
1524,20050305,台湾省,710000,台湾省,710000,11.3483856049
1525,20050306,台湾省,710000,台湾省,710000,13.6820229942
1526,20050307,台湾省,710000,台湾省,710000,15.8791738423
1527,20050308,台湾省,710000,台湾省,710000,18.5854487419
1528,20050309,台湾省,710000,台湾省,710000,20.9096121138
1529,20050310,台湾省,710000,台湾省,710000,22.6652935635
1530,20050311,台湾省,710000,台湾省,710000,20.5613890128
1531,20050312,台湾省,710000,台湾省,710000,12.3426608497
1532,20050313,台湾省,710000,台湾省,710000,10.7844833677
1533,20050314,台湾省,710000,台湾省,710000,15.8637337901
1534,20050315,台湾省,710000,台湾省,710000,19.1877883673
1535,20050316,台湾省,710000,台湾省,710000,21.900550062
1536,20050317,台湾省,710000,台湾省,710000,22.2448333827
1537,20050318,台湾省,710000,台湾省,710000,17.0751110857
1538,20050319,台湾省,710000,台湾省,710000,18.0119845867
1539,20050320,台湾省,710000,台湾省,710000,20.4224218455
1540,20050321,台湾省,710000,台湾省,710000,21.7857599258
1541,20050322,台湾省,710000,台湾省,710000,23.7727347721
1542,20050323,台湾省,710000,台湾省,710000,18.1684355411
1543,20050324,台湾省,710000,台湾省,710000,17.623647213
1544,20050325,台湾省,710000,台湾省,710000,17.7404926148
1545,20050326,台湾省,710000,台湾省,710000,20.3285876621
1546,20050327,台湾省,710000,台湾省,710000,23.2337423671
1547,20050328,台湾省,710000,台湾省,710000,23.8400220871
1548,20050329,台湾省,710000,台湾省,710000,19.9931419112
1549,20050330,台湾省,710000,台湾省,710000,17.8743222952
1550,20050331,台湾省,710000,台湾省,710000,19.5771999142
1551,20050401,台湾省,710000,台湾省,710000,20.7091620835
1552,20050402,台湾省,710000,台湾省,710000,20.149636507
1553,20050403,台湾省,710000,台湾省,710000,20.9090072892
1554,20050404,台湾省,710000,台湾省,710000,20.3640059341
1555,20050405,台湾省,710000,台湾省,710000,21.6604588899
1556,20050406,台湾省,710000,台湾省,710000,23.3363380432
1557,20050407,台湾省,710000,台湾省,710000,25.0651699846
1558,20050408,台湾省,710000,台湾省,710000,25.924036091
1559,20050409,台湾省,710000,台湾省,710000,26.3024029732
1560,20050410,台湾省,710000,台湾省,710000,24.6620998166
1561,20050411,台湾省,710000,台湾省,710000,23.602408019
1562,20050412,台湾省,710000,台湾省,710000,21.5418702689
1563,20050413,台湾省,710000,台湾省,710000,18.7152514674
1564,20050414,台湾省,710000,台湾省,710000,21.228270574
1565,20050415,台湾省,710000,台湾省,710000,23.3337649215
1566,20050416,台湾省,710000,台湾省,710000,24.3637925712
1567,20050417,台湾省,710000,台湾省,710000,24.4781593409
1568,20050418,台湾省,710000,台湾省,710000,25.2650882548
1569,20050419,台湾省,710000,台湾省,710000,25.9737357226
1570,20050420,台湾省,710000,台湾省,710000,24.7555972663
1571,20050421,台湾省,710000,台湾省,710000,25.8864489035
1572,20050422,台湾省,710000,台湾省,710000,26.4168091687
1573,20050423,台湾省,710000,台湾省,710000,25.392813921
1574,20050424,台湾省,710000,台湾省,710000,25.1426842213
1575,20050425,台湾省,710000,台湾省,710000,25.57414885
1576,20050426,台湾省,710000,台湾省,710000,23.0223199237
1577,20050427,台湾省,710000,台湾省,710000,24.825402845
1578,20050428,台湾省,710000,台湾省,710000,25.0975010829
1579,20050429,台湾省,710000,台湾省,710000,26.8566994017
1580,20050430,台湾省,710000,台湾省,710000,28.1400981383
1581,20050501,台湾省,710000,台湾省,710000,28.4907056635
1582,20050502,台湾省,710000,台湾省,710000,27.1758899472
1583,20050503,台湾省,710000,台湾省,710000,26.5310139223
1584,20050504,台湾省,710000,台湾省,710000,27.5984117768
1585,20050505,台湾省,710000,台湾省,710000,28.9499288256
1586,20050506,台湾省,710000,台湾省,710000,24.604542884
1587,20050507,台湾省,710000,台湾省,710000,25.1137489189
1588,20050508,台湾省,710000,台湾省,710000,26.0863898884
1589,20050509,台湾省,710000,台湾省,710000,25.7872374491
1590,20050510,台湾省,710000,台湾省,710000,23.0879685445
1591,20050511,台湾省,710000,台湾省,710000,26.1426115469
1592,20050512,台湾省,710000,台湾省,710000,25.5874806101
1593,20050513,台湾省,710000,台湾省,710000,25.6048735272
1594,20050514,台湾省,710000,台湾省,710000,26.7843562906
1595,20050515,台湾省,710000,台湾省,710000,26.4654465805
1596,20050516,台湾省,710000,台湾省,710000,28.1893685081
1597,20050517,台湾省,710000,台湾省,710000,29.3251601999
1598,20050518,台湾省,710000,台湾省,710000,28.7789527936
1599,20050519,台湾省,710000,台湾省,710000,26.7227195176
1600,20050520,台湾省,710000,台湾省,710000,26.5464369167
1601,20050521,台湾省,710000,台湾省,710000,27.6898934841
1602,20050522,台湾省,710000,台湾省,710000,28.9962465113
1603,20050523,台湾省,710000,台湾省,710000,28.4921763594
1604,20050524,台湾省,710000,台湾省,710000,26.3685269789
1605,20050525,台湾省,710000,台湾省,710000,26.3464618813
1606,20050526,台湾省,710000,台湾省,710000,26.786761609
1607,20050527,台湾省,710000,台湾省,710000,27.4247098836
1608,20050528,台湾省,710000,台湾省,710000,26.7192966938
1609,20050529,台湾省,710000,台湾省,710000,26.7491468083
1610,20050530,台湾省,710000,台湾省,710000,27.6436378956
1611,20050531,台湾省,710000,台湾省,710000,27.5996238535
1612,20050601,台湾省,710000,台湾省,710000,28.2350981019
1613,20050602,台湾省,710000,台湾省,710000,27.5313962806
1614,20050603,台湾省,710000,台湾省,710000,25.6701355631
1615,20050604,台湾省,710000,台湾省,710000,26.9507899935
1616,20050605,台湾省,710000,台湾省,710000,26.929025585
1617,20050606,台湾省,710000,台湾省,710000,26.9281506972
1618,20050607,台湾省,710000,台湾省,710000,27.1296847734
1619,20050608,台湾省,710000,台湾省,710000,27.7679595947
1620,20050609,台湾省,710000,台湾省,710000,28.4863399159
1621,20050610,台湾省,710000,台湾省,710000,28.6820487976
1622,20050611,台湾省,710000,台湾省,710000,28.5605994355
1623,20050612,台湾省,710000,台湾省,710000,26.3912617944
1624,20050613,台湾省,710000,台湾省,710000,26.7104628953
1625,20050614,台湾省,710000,台湾省,710000,26.0655287613
1626,20050615,台湾省,710000,台湾省,710000,25.688522794
1627,20050616,台湾省,710000,台湾省,710000,24.8006973483
1628,20050617,台湾省,710000,台湾省,710000,27.2955773744
1629,20050618,台湾省,710000,台湾省,710000,28.8299074823
1630,20050619,台湾省,710000,台湾省,710000,29.014760906
1631,20050620,台湾省,710000,台湾省,710000,29.2547169599
1632,20050621,台湾省,710000,台湾省,710000,29.2056149786
1633,20050622,台湾省,710000,台湾省,710000,29.2809260542
1634,20050623,台湾省,710000,台湾省,710000,28.8653468219
1635,20050624,台湾省,710000,台湾省,710000,27.5700570453
1636,20050625,台湾省,710000,台湾省,710000,27.9998243289
1637,20050626,台湾省,710000,台湾省,710000,29.0571849563
1638,20050627,台湾省,710000,台湾省,710000,28.121470408
1639,20050628,台湾省,710000,台湾省,710000,26.4667210796
1640,20050629,台湾省,710000,台湾省,710000,27.3524804115
1641,20050630,台湾省,710000,台湾省,710000,29.2769060135
1642,20050701,台湾省,710000,台湾省,710000,29.3303899332
1643,20050702,台湾省,710000,台湾省,710000,29.6105568626
1644,20050703,台湾省,710000,台湾省,710000,29.8919354352
1645,20050704,台湾省,710000,台湾省,710000,29.8791426962
1646,20050705,台湾省,710000,台湾省,710000,29.8771596388
1647,20050706,台湾省,710000,台湾省,710000,30.0799705115
1648,20050707,台湾省,710000,台湾省,710000,29.368321072
1649,20050708,台湾省,710000,台湾省,710000,29.3866598173
1650,20050709,台湾省,710000,台湾省,710000,29.8771378127
1651,20050710,台湾省,710000,台湾省,710000,30.0163407759
1652,20050711,台湾省,710000,台湾省,710000,30.2161857432
1653,20050712,台湾省,710000,台湾省,710000,30.2697803324
1654,20050713,台湾省,710000,台湾省,710000,30.1443641836
1655,20050714,台湾省,710000,台湾省,710000,29.6576411724
1656,20050715,台湾省,710000,台湾省,710000,30.3423770341
1657,20050716,台湾省,710000,台湾省,710000,30.4296399247
1658,20050717,台湾省,710000,台湾省,710000,28.0862007141
1659,20050718,台湾省,710000,台湾省,710000,26.6778260361
1660,20050719,台湾省,710000,台湾省,710000,25.5871993195
1661,20050720,台湾省,710000,台湾省,710000,26.2521603324
1662,20050721,台湾省,710000,台湾省,710000,26.5005440929
1663,20050722,台湾省,710000,台湾省,710000,28.0384300622
1664,20050723,台湾省,710000,台湾省,710000,28.5169434764
1665,20050724,台湾省,710000,台湾省,710000,27.9418007894
1666,20050725,台湾省,710000,台湾省,710000,28.5363567309
1667,20050726,台湾省,710000,台湾省,710000,28.7650738846
1668,20050727,台湾省,710000,台湾省,710000,29.2512150028
1669,20050728,台湾省,710000,台湾省,710000,29.4360984889
1670,20050729,台湾省,710000,台湾省,710000,29.2668917613
1671,20050730,台湾省,710000,台湾省,710000,29.9669639414
1672,20050731,台湾省,710000,台湾省,710000,29.4974207228
1673,20050801,台湾省,710000,台湾省,710000,30.090098316
1674,20050802,台湾省,710000,台湾省,710000,29.8337732662
1675,20050803,台湾省,710000,台湾省,710000,30.0626442216
1676,20050804,台湾省,710000,台湾省,710000,28.1512217955
1677,20050805,台湾省,710000,台湾省,710000,28.132917751
1678,20050806,台湾省,710000,台湾省,710000,29.4337195266
1679,20050807,台湾省,710000,台湾省,710000,29.0781889612
1680,20050808,台湾省,710000,台湾省,710000,28.667146401
1681,20050809,台湾省,710000,台湾省,710000,29.8297810988
1682,20050810,台湾省,710000,台湾省,710000,29.7744284543
1683,20050811,台湾省,710000,台湾省,710000,29.9320036064
1684,20050812,台湾省,710000,台湾省,710000,27.8724627061
1685,20050813,台湾省,710000,台湾省,710000,27.7602021911
1686,20050814,台湾省,710000,台湾省,710000,27.5530027693
1687,20050815,台湾省,710000,台湾省,710000,27.30013791
1688,20050816,台湾省,710000,台湾省,710000,28.1283439289
1689,20050817,台湾省,710000,台湾省,710000,27.6805339727
1690,20050818,台湾省,710000,台湾省,710000,26.6827707507
1691,20050819,台湾省,710000,台湾省,710000,26.8578002236
1692,20050820,台湾省,710000,台湾省,710000,26.9952449799
1693,20050821,台湾省,710000,台湾省,710000,27.3975938233
1694,20050822,台湾省,710000,台湾省,710000,28.3974972421
1695,20050823,台湾省,710000,台湾省,710000,28.5594440807
1696,20050824,台湾省,710000,台湾省,710000,28.1941438805
1697,20050825,台湾省,710000,台湾省,710000,27.1961370381
1698,20050826,台湾省,710000,台湾省,710000,28.7224025293
1699,20050827,台湾省,710000,台湾省,710000,29.3785874193
1700,20050828,台湾省,710000,台湾省,710000,29.349669088
1701,20050829,台湾省,710000,台湾省,710000,29.073528745
1702,20050830,台湾省,710000,台湾省,710000,29.1057917855
1703,20050831,台湾省,710000,台湾省,710000,27.9124564691
1704,20050901,台湾省,710000,台湾省,710000,26.7645604827
1705,20050902,台湾省,710000,台湾省,710000,28.7614455873
1706,20050903,台湾省,710000,台湾省,710000,28.8072361513
1707,20050904,台湾省,710000,台湾省,710000,28.3896858909
1708,20050905,台湾省,710000,台湾省,710000,28.775815617
1709,20050906,台湾省,710000,台湾省,710000,27.9005993063
1710,20050907,台湾省,710000,台湾省,710000,27.7396459146
1711,20050908,台湾省,710000,台湾省,710000,27.9862454805
1712,20050909,台湾省,710000,台湾省,710000,28.0319752693
1713,20050910,台湾省,710000,台湾省,710000,27.6008520777
1714,20050911,台湾省,710000,台湾省,710000,28.3888652758
1715,20050912,台湾省,710000,台湾省,710000,29.5474197865
1716,20050913,台湾省,710000,台湾省,710000,29.7162575072
1717,20050914,台湾省,710000,台湾省,710000,29.7144137729
1718,20050915,台湾省,710000,台湾省,710000,29.6738068841
1719,20050916,台湾省,710000,台湾省,710000,29.5541900288
1720,20050917,台湾省,710000,台湾省,710000,28.8659283681
1721,20050918,台湾省,710000,台湾省,710000,29.2676325061
1722,20050919,台湾省,710000,台湾省,710000,29.2199105566
1723,20050920,台湾省,710000,台湾省,710000,29.2155028907
1724,20050921,台湾省,710000,台湾省,710000,28.7873081077
1725,20050922,台湾省,710000,台湾省,710000,26.4699887146
1726,20050923,台湾省,710000,台湾省,710000,27.529030258
1727,20050924,台湾省,710000,台湾省,710000,27.6820873997
1728,20050925,台湾省,710000,台湾省,710000,27.3221404119
1729,20050926,台湾省,710000,台湾省,710000,27.7105891488
1730,20050927,台湾省,710000,台湾省,710000,27.8020355701
1731,20050928,台湾省,710000,台湾省,710000,27.9405291297
1732,20050929,台湾省,710000,台湾省,710000,27.8983302116
1733,20050930,台湾省,710000,台湾省,710000,28.0921852589
1734,20051001,台湾省,710000,台湾省,710000,28.3020638769
1735,20051002,台湾省,710000,台湾省,710000,26.9367223653
1736,20051003,台湾省,710000,台湾省,710000,28.196643916
1737,20051004,台湾省,710000,台湾省,710000,28.4981752526
1738,20051005,台湾省,710000,台湾省,710000,28.7988302057
1739,20051006,台湾省,710000,台湾省,710000,28.7215456312
1740,20051007,台湾省,710000,台湾省,710000,27.80841201
1741,20051008,台湾省,710000,台湾省,710000,26.0131894675
1742,20051009,台湾省,710000,台湾省,710000,25.4543227716
1743,20051010,台湾省,710000,台湾省,710000,26.7942911712
1744,20051011,台湾省,710000,台湾省,710000,26.7701800737
1745,20051012,台湾省,710000,台湾省,710000,26.684621941
1746,20051013,台湾省,710000,台湾省,710000,26.9412291267
1747,20051014,台湾省,710000,台湾省,710000,26.1121809916
1748,20051015,台湾省,710000,台湾省,710000,25.0474951484
1749,20051016,台湾省,710000,台湾省,710000,24.4743324627
1750,20051017,台湾省,710000,台湾省,710000,24.8155269623
1751,20051018,台湾省,710000,台湾省,710000,25.1175674525
1752,20051019,台湾省,710000,台湾省,710000,25.0888971199
1753,20051020,台湾省,710000,台湾省,710000,25.493808703
1754,20051021,台湾省,710000,台湾省,710000,25.111054052
1755,20051022,台湾省,710000,台湾省,710000,23.2170965672
1756,20051023,台湾省,710000,台湾省,710000,22.3742289326
1757,20051024,台湾省,710000,台湾省,710000,23.0356298143
1758,20051025,台湾省,710000,台湾省,710000,24.4973705248
1759,20051026,台湾省,710000,台湾省,710000,25.1167107929
1760,20051027,台湾省,710000,台湾省,710000,26.3554010174
1761,20051028,台湾省,710000,台湾省,710000,26.7189282287
1762,20051029,台湾省,710000,台湾省,710000,24.2599191232
1763,20051030,台湾省,710000,台湾省,710000,21.9006692496
1764,20051031,台湾省,710000,台湾省,710000,22.4194717407
1765,20051101,台湾省,710000,台湾省,710000,24.8823569688
1766,20051102,台湾省,710000,台湾省,710000,25.8123782548
1767,20051103,台湾省,710000,台湾省,710000,25.7946603948
1768,20051104,台湾省,710000,台湾省,710000,26.0205724239
1769,20051105,台湾省,710000,台湾省,710000,26.2282911647
1770,20051106,台湾省,710000,台湾省,710000,26.6720468348
1771,20051107,台湾省,710000,台湾省,710000,26.3183640783
1772,20051108,台湾省,710000,台湾省,710000,26.1849543181
1773,20051109,台湾省,710000,台湾省,710000,26.0986020348
1774,20051110,台湾省,710000,台湾省,710000,25.894727165
1775,20051111,台湾省,710000,台湾省,710000,26.3873870806
1776,20051112,台湾省,710000,台湾省,710000,25.7305120338
1777,20051113,台湾省,710000,台湾省,710000,26.1860913797
1778,20051114,台湾省,710000,台湾省,710000,25.1009146734
1779,20051115,台湾省,710000,台湾省,710000,22.4533280243
1780,20051116,台湾省,710000,台湾省,710000,21.695848595
1781,20051117,台湾省,710000,台湾省,710000,21.167801987
1782,20051118,台湾省,710000,台湾省,710000,21.0559150956
1783,20051119,台湾省,710000,台湾省,710000,21.2294277061
1784,20051120,台湾省,710000,台湾省,710000,19.8190622546
1785,20051121,台湾省,710000,台湾省,710000,18.9730905186
1786,20051122,台湾省,710000,台湾省,710000,20.4960576187
1787,20051123,台湾省,710000,台湾省,710000,21.771399433
1788,20051124,台湾省,710000,台湾省,710000,21.802988941
1789,20051125,台湾省,710000,台湾省,710000,21.7432049404
1790,20051126,台湾省,710000,台湾省,710000,22.2554784471
1791,20051127,台湾省,710000,台湾省,710000,23.2633017627
1792,20051128,台湾省,710000,台湾省,710000,23.4179540764
1793,20051129,台湾省,710000,台湾省,710000,20.9304600846
1794,20051130,台湾省,710000,台湾省,710000,21.1963433569
1795,20051201,台湾省,710000,台湾省,710000,22.2181385214
1796,20051202,台湾省,710000,台湾省,710000,22.399785627
1797,20051203,台湾省,710000,台湾省,710000,22.2035937309
1798,20051204,台湾省,710000,台湾省,710000,17.6098138853
1799,20051205,台湾省,710000,台湾省,710000,14.3337285085
1800,20051206,台湾省,710000,台湾省,710000,14.8310895941
1801,20051207,台湾省,710000,台湾省,710000,16.9547500502
1802,20051208,台湾省,710000,台湾省,710000,18.1184896556
1803,20051209,台湾省,710000,台湾省,710000,20.6240336028
1804,20051210,台湾省,710000,台湾省,710000,21.4864786321
1805,20051211,台湾省,710000,台湾省,710000,18.4664576595
1806,20051212,台湾省,710000,台湾省,710000,15.9196019931
1807,20051213,台湾省,710000,台湾省,710000,15.273486365
1808,20051214,台湾省,710000,台湾省,710000,14.296781334
1809,20051215,台湾省,710000,台湾省,710000,14.001524275
1810,20051216,台湾省,710000,台湾省,710000,15.6826669411
1811,20051217,台湾省,710000,台湾省,710000,14.788350658
1812,20051218,台湾省,710000,台湾省,710000,14.9406752695
1813,20051219,台湾省,710000,台湾省,710000,17.6085728949
1814,20051220,台湾省,710000,台湾省,710000,18.8804688887
1815,20051221,台湾省,710000,台湾省,710000,14.7757695913
1816,20051222,台湾省,710000,台湾省,710000,11.8190322247
1817,20051223,台湾省,710000,台湾省,710000,14.9285472306
1818,20051224,台湾省,710000,台湾省,710000,17.8363024105
1819,20051225,台湾省,710000,台湾省,710000,18.5778680281
1820,20051226,台湾省,710000,台湾省,710000,18.504243634
1821,20051227,台湾省,710000,台湾省,710000,18.5367673094
1822,20051228,台湾省,710000,台湾省,710000,18.9639835141
1823,20051229,台湾省,710000,台湾省,710000,19.4319848147
1824,20051230,台湾省,710000,台湾省,710000,20.5455602299
1825,20051231,台湾省,710000,台湾省,710000,20.2917523601
1826,20060101,台湾省,710000,台湾省,710000,20.1851688732
1827,20060102,台湾省,710000,台湾省,710000,18.6553491246
1828,20060103,台湾省,710000,台湾省,710000,18.7275344025
1829,20060104,台湾省,710000,台湾省,710000,20.0759149681
1830,20060105,台湾省,710000,台湾省,710000,15.8818719495
1831,20060106,台湾省,710000,台湾省,710000,12.0731725151
1832,20060107,台湾省,710000,台湾省,710000,11.5259467363
1833,20060108,台湾省,710000,台湾省,710000,15.0704230937
1834,20060109,台湾省,710000,台湾省,710000,17.1761293845
1835,20060110,台湾省,710000,台湾省,710000,18.7678706863
1836,20060111,台湾省,710000,台湾省,710000,19.4152109406
1837,20060112,台湾省,710000,台湾省,710000,20.8848171884
1838,20060113,台湾省,710000,台湾省,710000,20.1733086109
1839,20060114,台湾省,710000,台湾省,710000,21.171093854
1840,20060115,台湾省,710000,台湾省,710000,21.7083479058
1841,20060116,台湾省,710000,台湾省,710000,21.420566949
1842,20060117,台湾省,710000,台湾省,710000,21.4002896005
1843,20060118,台湾省,710000,台湾省,710000,21.7740824223
1844,20060119,台湾省,710000,台湾省,710000,20.8975158605
1845,20060120,台湾省,710000,台湾省,710000,19.1015741717
1846,20060121,台湾省,710000,台湾省,710000,16.7741655653
1847,20060122,台湾省,710000,台湾省,710000,14.7139973857
1848,20060123,台湾省,710000,台湾省,710000,15.9981363253
1849,20060124,台湾省,710000,台湾省,710000,17.1646781835
1850,20060125,台湾省,710000,台湾省,710000,17.7566567551
1851,20060126,台湾省,710000,台湾省,710000,17.2158091285
1852,20060127,台湾省,710000,台湾省,710000,17.3570150029
1853,20060128,台湾省,710000,台湾省,710000,18.272086577
1854,20060129,台湾省,710000,台湾省,710000,19.1616342068
1855,20060130,台湾省,710000,台湾省,710000,20.2795118202
1856,20060131,台湾省,710000,台湾省,710000,20.017583652
1857,20060201,台湾省,710000,台湾省,710000,19.0373730226
1858,20060202,台湾省,710000,台湾省,710000,19.4133936709
1859,20060203,台湾省,710000,台湾省,710000,17.6477266767
1860,20060204,台湾省,710000,台湾省,710000,15.5143934055
1861,20060205,台湾省,710000,台湾省,710000,17.5224623247
1862,20060206,台湾省,710000,台湾省,710000,19.1283809488
1863,20060207,台湾省,710000,台湾省,710000,18.0897607153
1864,20060208,台湾省,710000,台湾省,710000,16.280606389
1865,20060209,台湾省,710000,台湾省,710000,15.9356081269
1866,20060210,台湾省,710000,台湾省,710000,16.9723978259
1867,20060211,台湾省,710000,台湾省,710000,18.7784559402
1868,20060212,台湾省,710000,台湾省,710000,19.3324483741
1869,20060213,台湾省,710000,台湾省,710000,19.8108565807
1870,20060214,台湾省,710000,台湾省,710000,22.1461971673
1871,20060215,台湾省,710000,台湾省,710000,23.9973584522
1872,20060216,台湾省,710000,台湾省,710000,20.8116145676
1873,20060217,台湾省,710000,台湾省,710000,17.0398935296
1874,20060218,台湾省,710000,台湾省,710000,17.9193120219
1875,20060219,台湾省,710000,台湾省,710000,18.0426758636
1876,20060220,台湾省,710000,台湾省,710000,19.5002305074
1877,20060221,台湾省,710000,台湾省,710000,21.6365870129
1878,20060222,台湾省,710000,台湾省,710000,21.1612653516
1879,20060223,台湾省,710000,台湾省,710000,18.9536959908
1880,20060224,台湾省,710000,台湾省,710000,19.3409288363
1881,20060225,台湾省,710000,台湾省,710000,20.438174833
1882,20060226,台湾省,710000,台湾省,710000,19.0148552439
1883,20060227,台湾省,710000,台湾省,710000,18.1729394306
1884,20060228,台湾省,710000,台湾省,710000,17.4223452481
1885,20060301,台湾省,710000,台湾省,710000,12.5139503046
1886,20060302,台湾省,710000,台湾省,710000,14.2161977833
1887,20060303,台湾省,710000,台湾省,710000,17.5936156186
1888,20060304,台湾省,710000,台湾省,710000,20.261527625
1889,20060305,台湾省,710000,台湾省,710000,20.753608812
1890,20060306,台湾省,710000,台湾省,710000,21.5852666985
1891,20060307,台湾省,710000,台湾省,710000,21.2534155412
1892,20060308,台湾省,710000,台湾省,710000,21.5597505786
1893,20060309,台湾省,710000,台湾省,710000,21.8372676806
1894,20060310,台湾省,710000,台湾省,710000,21.7319686413
1895,20060311,台湾省,710000,台湾省,710000,22.9243515405
1896,20060312,台湾省,710000,台湾省,710000,18.0768670169
1897,20060313,台湾省,710000,台湾省,710000,13.5601454648
1898,20060314,台湾省,710000,台湾省,710000,16.6271859733
1899,20060315,台湾省,710000,台湾省,710000,20.1839117354
1900,20060316,台湾省,710000,台湾省,710000,22.1169254997
1901,20060317,台湾省,710000,台湾省,710000,23.8122109283
1902,20060318,台湾省,710000,台湾省,710000,25.2856013992
1903,20060319,台湾省,710000,台湾省,710000,20.8459692218
1904,20060320,台湾省,710000,台湾省,710000,20.0075679692
1905,20060321,台湾省,710000,台湾省,710000,21.6005270048
1906,20060322,台湾省,710000,台湾省,710000,23.3435932723
1907,20060323,台湾省,710000,台湾省,710000,20.3112577959
1908,20060324,台湾省,710000,台湾省,710000,18.4146402749
1909,20060325,台湾省,710000,台湾省,710000,21.2394409396
1910,20060326,台湾省,710000,台湾省,710000,19.6317061944
1911,20060327,台湾省,710000,台湾省,710000,19.3813974641
1912,20060328,台湾省,710000,台湾省,710000,20.3743852702
1913,20060329,台湾省,710000,台湾省,710000,19.8483860926
1914,20060330,台湾省,710000,台湾省,710000,21.9389285608
1915,20060331,台湾省,710000,台湾省,710000,22.4879304062
1916,20060401,台湾省,710000,台湾省,710000,25.1844551563
1917,20060402,台湾省,710000,台湾省,710000,25.6201733242
1918,20060403,台湾省,710000,台湾省,710000,26.0064863942
1919,20060404,台湾省,710000,台湾省,710000,26.8976162347
1920,20060405,台湾省,710000,台湾省,710000,25.6421226371
1921,20060406,台湾省,710000,台湾省,710000,23.0694367886
1922,20060407,台湾省,710000,台湾省,710000,23.1270357262
1923,20060408,台湾省,710000,台湾省,710000,24.6431870461
1924,20060409,台湾省,710000,台湾省,710000,26.5724852519
1925,20060410,台湾省,710000,台湾省,710000,25.7501086105
1926,20060411,台湾省,710000,台湾省,710000,27.9300353094
1927,20060412,台湾省,710000,台湾省,710000,28.0583789132
1928,20060413,台湾省,710000,台湾省,710000,21.8098675771
1929,20060414,台湾省,710000,台湾省,710000,20.925412113
1930,20060415,台湾省,710000,台湾省,710000,18.9168775515
1931,20060416,台湾省,710000,台湾省,710000,18.705123858
1932,20060417,台湾省,710000,台湾省,710000,21.2339285287
1933,20060418,台湾省,710000,台湾省,710000,24.1678691994
1934,20060419,台湾省,710000,台湾省,710000,26.1575111476
1935,20060420,台湾省,710000,台湾省,710000,23.795580929
1936,20060421,台湾省,710000,台湾省,710000,24.9534276182
1937,20060422,台湾省,710000,台湾省,710000,27.5401826338
1938,20060423,台湾省,710000,台湾省,710000,25.67968297
1939,20060424,台湾省,710000,台湾省,710000,23.7835979895
1940,20060425,台湾省,710000,台湾省,710000,24.4821948572
1941,20060426,台湾省,710000,台湾省,710000,25.0807861848
1942,20060427,台湾省,710000,台湾省,710000,23.2354671738
1943,20060428,台湾省,710000,台湾省,710000,21.8412279216
1944,20060429,台湾省,710000,台湾省,710000,23.6451777545
1945,20060430,台湾省,710000,台湾省,710000,26.1381331357
1946,20060501,台湾省,710000,台湾省,710000,27.826467449
1947,20060502,台湾省,710000,台湾省,710000,25.4660775878
1948,20060503,台湾省,710000,台湾省,710000,25.2515530153
1949,20060504,台湾省,710000,台湾省,710000,25.1931648038
1950,20060505,台湾省,710000,台湾省,710000,27.260907715
1951,20060506,台湾省,710000,台湾省,710000,28.0115672675
1952,20060507,台湾省,710000,台湾省,710000,27.286360784
1953,20060508,台湾省,710000,台湾省,710000,27.6454862681
1954,20060509,台湾省,710000,台湾省,710000,28.4403245666
1955,20060510,台湾省,710000,台湾省,710000,28.7081814246
1956,20060511,台湾省,710000,台湾省,710000,26.2604701302
1957,20060512,台湾省,710000,台湾省,710000,27.7047304674
1958,20060513,台湾省,710000,台湾省,710000,25.472139727
1959,20060514,台湾省,710000,台湾省,710000,23.9677975395
1960,20060515,台湾省,710000,台湾省,710000,25.0575526194
1961,20060516,台湾省,710000,台湾省,710000,25.1398657018
1962,20060517,台湾省,710000,台湾省,710000,26.0471212647
1963,20060518,台湾省,710000,台湾省,710000,26.8707546754
1964,20060519,台湾省,710000,台湾省,710000,25.7432543148
1965,20060520,台湾省,710000,台湾省,710000,26.8073842309
1966,20060521,台湾省,710000,台湾省,710000,27.581582828
1967,20060522,台湾省,710000,台湾省,710000,27.7126677687
1968,20060523,台湾省,710000,台湾省,710000,26.5372464657
1969,20060524,台湾省,710000,台湾省,710000,26.4427063032
1970,20060525,台湾省,710000,台湾省,710000,27.6745245457
1971,20060526,台湾省,710000,台湾省,710000,28.8704024228
1972,20060527,台湾省,710000,台湾省,710000,27.7346466238
1973,20060528,台湾省,710000,台湾省,710000,24.2453976111
1974,20060529,台湾省,710000,台湾省,710000,21.8914387876
1975,20060530,台湾省,710000,台湾省,710000,23.3085314794
1976,20060531,台湾省,710000,台湾省,710000,25.7056856589
1977,20060601,台湾省,710000,台湾省,710000,27.5034763163
1978,20060602,台湾省,710000,台湾省,710000,24.3681730357
1979,20060603,台湾省,710000,台湾省,710000,24.6923637607
1980,20060604,台湾省,710000,台湾省,710000,26.9452570568
1981,20060605,台湾省,710000,台湾省,710000,28.4965437109
1982,20060606,台湾省,710000,台湾省,710000,27.6659607887
1983,20060607,台湾省,710000,台湾省,710000,27.7363377484
1984,20060608,台湾省,710000,台湾省,710000,27.7181978009
1985,20060609,台湾省,710000,台湾省,710000,24.2244953676
1986,20060610,台湾省,710000,台湾省,710000,23.1936237379
1987,20060611,台湾省,710000,台湾省,710000,25.1284688169
1988,20060612,台湾省,710000,台湾省,710000,25.9777834199
1989,20060613,台湾省,710000,台湾省,710000,26.4305486896
1990,20060614,台湾省,710000,台湾省,710000,28.8650046045
1991,20060615,台湾省,710000,台湾省,710000,28.7688064142
1992,20060616,台湾省,710000,台湾省,710000,28.9301560359
1993,20060617,台湾省,710000,台湾省,710000,29.5099854686
1994,20060618,台湾省,710000,台湾省,710000,28.8375914964
1995,20060619,台湾省,710000,台湾省,710000,26.4947396408
1996,20060620,台湾省,710000,台湾省,710000,28.160068707
1997,20060621,台湾省,710000,台湾省,710000,28.9409952597
1998,20060622,台湾省,710000,台湾省,710000,28.9689554301
1999,20060623,台湾省,710000,台湾省,710000,29.9137396162
2000,20060624,台湾省,710000,台湾省,710000,29.5427655307
2001,20060625,台湾省,710000,台湾省,710000,29.6173686548
2002,20060626,台湾省,710000,台湾省,710000,30.1918318488
2003,20060627,台湾省,710000,台湾省,710000,29.7191699418
2004,20060628,台湾省,710000,台湾省,710000,30.1629328511
2005,20060629,台湾省,710000,台湾省,710000,30.3418332013
2006,20060630,台湾省,710000,台湾省,710000,30.4810364897
2007,20060701,台湾省,710000,台湾省,710000,30.2129130363
2008,20060702,台湾省,710000,台湾省,710000,30.5492037643
2009,20060703,台湾省,710000,台湾省,710000,30.5479553613
2010,20060704,台湾省,710000,台湾省,710000,30.4678019177
2011,20060705,台湾省,710000,台湾省,710000,30.9842290011
2012,20060706,台湾省,710000,台湾省,710000,31.0352293578
2013,20060707,台湾省,710000,台湾省,710000,30.2270245335
2014,20060708,台湾省,710000,台湾省,710000,29.4106863412
2015,20060709,台湾省,710000,台湾省,710000,28.7826541554
2016,20060710,台湾省,710000,台湾省,710000,29.6449731913
2017,20060711,台湾省,710000,台湾省,710000,29.9839689948
2018,20060712,台湾省,710000,台湾省,710000,29.7884016037
2019,20060713,台湾省,710000,台湾省,710000,27.6753830476
2020,20060714,台湾省,710000,台湾省,710000,26.5427679799
2021,20060715,台湾省,710000,台湾省,710000,27.1455290751
2022,20060716,台湾省,710000,台湾省,710000,27.5907794346
2023,20060717,台湾省,710000,台湾省,710000,28.6521908153
2024,20060718,台湾省,710000,台湾省,710000,28.9864200245
2025,20060719,台湾省,710000,台湾省,710000,29.705496788
2026,20060720,台湾省,710000,台湾省,710000,30.0155788985
2027,20060721,台湾省,710000,台湾省,710000,30.135831291
2028,20060722,台湾省,710000,台湾省,710000,30.2668594881
2029,20060723,台湾省,710000,台湾省,710000,30.3198885701
2030,20060724,台湾省,710000,台湾省,710000,29.2650792165
2031,20060725,台湾省,710000,台湾省,710000,27.5299682617
2032,20060726,台湾省,710000,台湾省,710000,26.9330031872
2033,20060727,台湾省,710000,台湾省,710000,27.5606623563
2034,20060728,台湾省,710000,台湾省,710000,29.1000028307
2035,20060729,台湾省,710000,台湾省,710000,29.5909511176
2036,20060730,台湾省,710000,台湾省,710000,29.5473485426
2037,20060731,台湾省,710000,台湾省,710000,29.9461941719
2038,20060801,台湾省,710000,台湾省,710000,29.5797293403
2039,20060802,台湾省,710000,台湾省,710000,29.4878357107
2040,20060803,台湾省,710000,台湾省,710000,28.5934130495
2041,20060804,台湾省,710000,台湾省,710000,28.3165683313
2042,20060805,台湾省,710000,台湾省,710000,28.5486239303
2043,20060806,台湾省,710000,台湾省,710000,29.1740547744
2044,20060807,台湾省,710000,台湾省,710000,29.8486653458
2045,20060808,台湾省,710000,台湾省,710000,28.6365254359
2046,20060809,台湾省,710000,台湾省,710000,28.5778635198
2047,20060810,台湾省,710000,台湾省,710000,28.74277026
2048,20060811,台湾省,710000,台湾省,710000,29.8794318546
2049,20060812,台湾省,710000,台湾省,710000,30.1518095623
2050,20060813,台湾省,710000,台湾省,710000,29.9589547244
2051,20060814,台湾省,710000,台湾省,710000,29.6039870436
2052,20060815,台湾省,710000,台湾省,710000,29.9457653002
2053,20060816,台湾省,710000,台湾省,710000,30.4084167264
2054,20060817,台湾省,710000,台湾省,710000,30.1949149045
2055,20060818,台湾省,710000,台湾省,710000,27.2789929347
2056,20060819,台湾省,710000,台湾省,710000,28.3341263641
2057,20060820,台湾省,710000,台湾省,710000,28.6493095701
2058,20060821,台湾省,710000,台湾省,710000,28.7810516141
2059,20060822,台湾省,710000,台湾省,710000,28.1398249323
2060,20060823,台湾省,710000,台湾省,710000,27.7884095365
2061,20060824,台湾省,710000,台湾省,710000,28.4489797245
2062,20060825,台湾省,710000,台湾省,710000,29.1872395385
2063,20060826,台湾省,710000,台湾省,710000,28.7109267061
2064,20060827,台湾省,710000,台湾省,710000,28.2535952005
2065,20060828,台湾省,710000,台湾省,710000,29.5644006729
2066,20060829,台湾省,710000,台湾省,710000,30.022427884
2067,20060830,台湾省,710000,台湾省,710000,30.3836030743
2068,20060831,台湾省,710000,台湾省,710000,30.0562766465
2069,20060901,台湾省,710000,台湾省,710000,29.2236862616
2070,20060902,台湾省,710000,台湾省,710000,29.3058889129
2071,20060903,台湾省,710000,台湾省,710000,28.8658635616
2072,20060904,台湾省,710000,台湾省,710000,28.9019404108
2073,20060905,台湾省,710000,台湾省,710000,29.0676313314
2074,20060906,台湾省,710000,台湾省,710000,28.0302684524
2075,20060907,台湾省,710000,台湾省,710000,27.6844588843
2076,20060908,台湾省,710000,台湾省,710000,27.8266363361
2077,20060909,台湾省,710000,台湾省,710000,27.7269380093
2078,20060910,台湾省,710000,台湾省,710000,26.1912138029
2079,20060911,台湾省,710000,台湾省,710000,26.7232220823
2080,20060912,台湾省,710000,台湾省,710000,27.8749592304
2081,20060913,台湾省,710000,台湾省,710000,27.9608196128
2082,20060914,台湾省,710000,台湾省,710000,27.9274288958
2083,20060915,台湾省,710000,台湾省,710000,27.6460141052
2084,20060916,台湾省,710000,台湾省,710000,26.9336390929
2085,20060917,台湾省,710000,台湾省,710000,25.4284413294
2086,20060918,台湾省,710000,台湾省,710000,25.8570148295
2087,20060919,台湾省,710000,台湾省,710000,26.6163841811
2088,20060920,台湾省,710000,台湾省,710000,26.7336849083
2089,20060921,台湾省,710000,台湾省,710000,25.7554960684
2090,20060922,台湾省,710000,台湾省,710000,26.8719481338
2091,20060923,台湾省,710000,台湾省,710000,26.7992040027
2092,20060924,台湾省,710000,台湾省,710000,27.4604541388
2093,20060925,台湾省,710000,台湾省,710000,26.7027497942
2094,20060926,台湾省,710000,台湾省,710000,26.2353756861
2095,20060927,台湾省,710000,台湾省,710000,26.8866773952
2096,20060928,台湾省,710000,台湾省,710000,27.6055486852
2097,20060929,台湾省,710000,台湾省,710000,27.6614560431
2098,20060930,台湾省,710000,台湾省,710000,27.5227722255
2099,20061001,台湾省,710000,台湾省,710000,27.4956187118
2100,20061002,台湾省,710000,台湾省,710000,27.4543190653
2101,20061003,台湾省,710000,台湾省,710000,27.1125271104
2102,20061004,台湾省,710000,台湾省,710000,25.585052707
2103,20061005,台湾省,710000,台湾省,710000,25.3018408038
2104,20061006,台湾省,710000,台湾省,710000,25.4337610982
2105,20061007,台湾省,710000,台湾省,710000,25.3025134693
2106,20061008,台湾省,710000,台湾省,710000,25.7987728769
2107,20061009,台湾省,710000,台湾省,710000,26.2569507035
2108,20061010,台湾省,710000,台湾省,710000,26.5849305066
2109,20061011,台湾省,710000,台湾省,710000,26.897762537
2110,20061012,台湾省,710000,台湾省,710000,26.7043647116
2111,20061013,台湾省,710000,台湾省,710000,26.6486793865
2112,20061014,台湾省,710000,台湾省,710000,26.2443566106
2113,20061015,台湾省,710000,台湾省,710000,26.342594797
2114,20061016,台湾省,710000,台湾省,710000,26.6089165861
2115,20061017,台湾省,710000,台湾省,710000,26.5876142979
2116,20061018,台湾省,710000,台湾省,710000,26.2793815786
2117,20061019,台湾省,710000,台湾省,710000,26.665825432
2118,20061020,台湾省,710000,台湾省,710000,26.7358329296
2119,20061021,台湾省,710000,台湾省,710000,26.7271950245
2120,20061022,台湾省,710000,台湾省,710000,26.893432162
2121,20061023,台湾省,710000,台湾省,710000,26.8173766353
2122,20061024,台湾省,710000,台湾省,710000,25.3767188029
2123,20061025,台湾省,710000,台湾省,710000,25.5966155529
2124,20061026,台湾省,710000,台湾省,710000,25.7216966369
2125,20061027,台湾省,710000,台湾省,710000,25.6142942255
2126,20061028,台湾省,710000,台湾省,710000,26.1681398045
2127,20061029,台湾省,710000,台湾省,710000,26.0171015913
2128,20061030,台湾省,710000,台湾省,710000,25.058405551
2129,20061031,台湾省,710000,台湾省,710000,24.0188101205
2130,20061101,台湾省,710000,台湾省,710000,22.7011753646
2131,20061102,台湾省,710000,台湾省,710000,22.3932679783
2132,20061103,台湾省,710000,台湾省,710000,22.4586196813
2133,20061104,台湾省,710000,台湾省,710000,24.3209334937
2134,20061105,台湾省,710000,台湾省,710000,25.5594933466
2135,20061106,台湾省,710000,台湾省,710000,24.5690325607
2136,20061107,台湾省,710000,台湾省,710000,22.7571653453
2137,20061108,台湾省,710000,台湾省,710000,24.1455328248
2138,20061109,台湾省,710000,台湾省,710000,24.5467363271
2139,20061110,台湾省,710000,台湾省,710000,24.5968580896
2140,20061111,台湾省,710000,台湾省,710000,23.6192335649
2141,20061112,台湾省,710000,台湾省,710000,22.9960655949
2142,20061113,台湾省,710000,台湾省,710000,23.7721160108
2143,20061114,台湾省,710000,台湾省,710000,23.01735451
2144,20061115,台湾省,710000,台湾省,710000,22.0019626834
2145,20061116,台湾省,710000,台湾省,710000,23.8788829067
2146,20061117,台湾省,710000,台湾省,710000,24.9331917329
2147,20061118,台湾省,710000,台湾省,710000,25.6889234023
2148,20061119,台湾省,710000,台湾省,710000,25.3337522203
2149,20061120,台湾省,710000,台湾省,710000,23.9586040974
2150,20061121,台湾省,710000,台湾省,710000,24.5851490498
2151,20061122,台湾省,710000,台湾省,710000,23.8425058885
2152,20061123,台湾省,710000,台湾省,710000,23.8173298186
2153,20061124,台湾省,710000,台湾省,710000,23.5897717042
2154,20061125,台湾省,710000,台湾省,710000,24.3765594743
2155,20061126,台湾省,710000,台湾省,710000,25.0264284827
2156,20061127,台湾省,710000,台湾省,710000,23.8406636932
2157,20061128,台湾省,710000,台湾省,710000,21.5665341941
2158,20061129,台湾省,710000,台湾省,710000,22.8187274283
2159,20061130,台湾省,710000,台湾省,710000,21.7643919641
2160,20061201,台湾省,710000,台湾省,710000,22.0952168161
2161,20061202,台湾省,710000,台湾省,710000,20.3524532318
2162,20061203,台湾省,710000,台湾省,710000,19.5109984224
2163,20061204,台湾省,710000,台湾省,710000,20.4471040639
2164,20061205,台湾省,710000,台湾省,710000,21.6896421259
2165,20061206,台湾省,710000,台湾省,710000,22.8626776609
2166,20061207,台湾省,710000,台湾省,710000,23.7087315863
2167,20061208,台湾省,710000,台湾省,710000,23.4783565998
2168,20061209,台湾省,710000,台湾省,710000,21.4399885481
2169,20061210,台湾省,710000,台湾省,710000,20.3666657101
2170,20061211,台湾省,710000,台湾省,710000,22.4553904967
2171,20061212,台湾省,710000,台湾省,710000,23.4853236459
2172,20061213,台湾省,710000,台湾省,710000,23.0826390657
2173,20061214,台湾省,710000,台湾省,710000,19.723763856
2174,20061215,台湾省,710000,台湾省,710000,19.0622683438
2175,20061216,台湾省,710000,台湾省,710000,15.5857606801
2176,20061217,台湾省,710000,台湾省,710000,14.6473095634
2177,20061218,台湾省,710000,台湾省,710000,16.9788824753
2178,20061219,台湾省,710000,台湾省,710000,18.56017388
2179,20061220,台湾省,710000,台湾省,710000,19.2902032029
2180,20061221,台湾省,710000,台湾省,710000,18.3897937861
2181,20061222,台湾省,710000,台湾省,710000,17.890664079
2182,20061223,台湾省,710000,台湾省,710000,19.4758797342
2183,20061224,台湾省,710000,台湾省,710000,19.7160922181
2184,20061225,台湾省,710000,台湾省,710000,18.2460907373
2185,20061226,台湾省,710000,台湾省,710000,19.4152924581
2186,20061227,台湾省,710000,台湾省,710000,17.9359853484
2187,20061228,台湾省,710000,台湾省,710000,14.9101240743
2188,20061229,台湾省,710000,台湾省,710000,15.1430669806
2189,20061230,台湾省,710000,台湾省,710000,17.5334872224
2190,20061231,台湾省,710000,台湾省,710000,18.1108177575
2191,20070101,台湾省,710000,台湾省,710000,19.5515089685
2192,20070102,台湾省,710000,台湾省,710000,20.1982693889
2193,20070103,台湾省,710000,台湾省,710000,18.8157627583
2194,20070104,台湾省,710000,台湾省,710000,17.2087052085
2195,20070105,台湾省,710000,台湾省,710000,16.7288438949
2196,20070106,台湾省,710000,台湾省,710000,14.3211443858
2197,20070107,台湾省,710000,台湾省,710000,12.9205870303
2198,20070108,台湾省,710000,台湾省,710000,13.1866517934
2199,20070109,台湾省,710000,台湾省,710000,15.6270919171
2200,20070110,台湾省,710000,台湾省,710000,17.2418889674
2201,20070111,台湾省,710000,台湾省,710000,18.5107489066
2202,20070112,台湾省,710000,台湾省,710000,18.7033614679
2203,20070113,台湾省,710000,台湾省,710000,18.5888446244
2204,20070114,台湾省,710000,台湾省,710000,19.3563340577
2205,20070115,台湾省,710000,台湾省,710000,21.2208854502
2206,20070116,台湾省,710000,台湾省,710000,21.2272296385
2207,20070117,台湾省,710000,台湾省,710000,19.3877949281
2208,20070118,台湾省,710000,台湾省,710000,17.8601170236
2209,20070119,台湾省,710000,台湾省,710000,18.4393137802
2210,20070120,台湾省,710000,台湾省,710000,20.314317985
2211,20070121,台湾省,710000,台湾省,710000,19.1503796361
2212,20070122,台湾省,710000,台湾省,710000,19.443496314
2213,20070123,台湾省,710000,台湾省,710000,18.4146249078
2214,20070124,台湾省,710000,台湾省,710000,15.7375102368
2215,20070125,台湾省,710000,台湾省,710000,17.634446686
2216,20070126,台湾省,710000,台湾省,710000,17.8839686784
2217,20070127,台湾省,710000,台湾省,710000,15.2392701994
2218,20070128,台湾省,710000,台湾省,710000,13.7888585329
2219,20070129,台湾省,710000,台湾省,710000,14.1447969892
2220,20070130,台湾省,710000,台湾省,710000,15.8883521448
2221,20070131,台湾省,710000,台湾省,710000,16.8787911588
2222,20070201,台湾省,710000,台湾省,710000,15.0804067308
2223,20070202,台湾省,710000,台湾省,710000,14.303723151
2224,20070203,台湾省,710000,台湾省,710000,15.7629214525
2225,20070204,台湾省,710000,台湾省,710000,18.0917741819
2226,20070205,台湾省,710000,台湾省,710000,19.2669582584
2227,20070206,台湾省,710000,台湾省,710000,20.1962521943
2228,20070207,台湾省,710000,台湾省,710000,20.9753342975
2229,20070208,台湾省,710000,台湾省,710000,22.1800299558
2230,20070209,台湾省,710000,台湾省,710000,21.7783764926
2231,20070210,台湾省,710000,台湾省,710000,19.2682987126
2232,20070211,台湾省,710000,台湾省,710000,19.0415987968
2233,20070212,台湾省,710000,台湾省,710000,20.5124505216
2234,20070213,台湾省,710000,台湾省,710000,22.7045963894
2235,20070214,台湾省,710000,台湾省,710000,20.1781549454
2236,20070215,台湾省,710000,台湾省,710000,19.8323687857
2237,20070216,台湾省,710000,台湾省,710000,22.4427925023
2238,20070217,台湾省,710000,台湾省,710000,23.8312684189
2239,20070218,台湾省,710000,台湾省,710000,21.9789592353
2240,20070219,台湾省,710000,台湾省,710000,20.0824137167
2241,20070220,台湾省,710000,台湾省,710000,20.6877910441
2242,20070221,台湾省,710000,台湾省,710000,20.2697263848
2243,20070222,台湾省,710000,台湾省,710000,20.4352692474
2244,20070223,台湾省,710000,台湾省,710000,20.5792450255
2245,20070224,台湾省,710000,台湾省,710000,21.369778243
2246,20070225,台湾省,710000,台湾省,710000,18.1235932979
2247,20070226,台湾省,710000,台湾省,710000,18.5783713731
2248,20070227,台湾省,710000,台湾省,710000,20.9439280683
2249,20070228,台湾省,710000,台湾省,710000,21.6825620695
2250,20070301,台湾省,710000,台湾省,710000,22.1485986493
2251,20070302,台湾省,710000,台湾省,710000,22.711273952
2252,20070303,台湾省,710000,台湾省,710000,23.3736977577
2253,20070304,台湾省,710000,台湾省,710000,23.8284630559
2254,20070305,台湾省,710000,台湾省,710000,16.4654623704
2255,20070306,台湾省,710000,台湾省,710000,14.4528167031
2256,20070307,台湾省,710000,台湾省,710000,14.8630306721
2257,20070308,台湾省,710000,台湾省,710000,17.6649476073
2258,20070309,台湾省,710000,台湾省,710000,18.9912678979
2259,20070310,台湾省,710000,台湾省,710000,20.7230928811
2260,20070311,台湾省,710000,台湾省,710000,18.1862813885
2261,20070312,台湾省,710000,台湾省,710000,19.841799801
2262,20070313,台湾省,710000,台湾省,710000,21.2776877013
2263,20070314,台湾省,710000,台湾省,710000,22.9582523866
2264,20070315,台湾省,710000,台湾省,710000,24.4108016491
2265,20070316,台湾省,710000,台湾省,710000,21.9081747965
2266,20070317,台湾省,710000,台湾省,710000,19.2280136022
2267,20070318,台湾省,710000,台湾省,710000,18.3314236728
2268,20070319,台湾省,710000,台湾省,710000,17.5466541269
2269,20070320,台湾省,710000,台湾省,710000,17.5057408918
2270,20070321,台湾省,710000,台湾省,710000,20.4460263036
2271,20070322,台湾省,710000,台湾省,710000,21.9996778098
2272,20070323,台湾省,710000,台湾省,710000,22.8995411179
2273,20070324,台湾省,710000,台湾省,710000,23.5537239638
2274,20070325,台湾省,710000,台湾省,710000,22.8844056346
2275,20070326,台湾省,710000,台湾省,710000,23.863916202
2276,20070327,台湾省,710000,台湾省,710000,23.080278635
2277,20070328,台湾省,710000,台湾省,710000,23.7448344447
2278,20070329,台湾省,710000,台湾省,710000,25.31071936
2279,20070330,台湾省,710000,台湾省,710000,26.1704670733
2280,20070331,台湾省,710000,台湾省,710000,25.998888796
2281,20070401,台湾省,710000,台湾省,710000,25.6480342475
2282,20070402,台湾省,710000,台湾省,710000,20.3043049249
2283,20070403,台湾省,710000,台湾省,710000,15.4855466539
2284,20070404,台湾省,710000,台湾省,710000,16.6635838639
2285,20070405,台湾省,710000,台湾省,710000,19.3967204094
2286,20070406,台湾省,710000,台湾省,710000,19.8209674358
2287,20070407,台湾省,710000,台湾省,710000,19.4741875042
2288,20070408,台湾省,710000,台湾省,710000,19.0725709308
2289,20070409,台湾省,710000,台湾省,710000,20.6835157004
2290,20070410,台湾省,710000,台湾省,710000,19.4878244617
2291,20070411,台湾省,710000,台湾省,710000,20.5783729987
2292,20070412,台湾省,710000,台湾省,710000,23.1029803753
2293,20070413,台湾省,710000,台湾省,710000,23.9041638591
2294,20070414,台湾省,710000,台湾省,710000,24.6258988597
2295,20070415,台湾省,710000,台湾省,710000,24.5637004159
2296,20070416,台湾省,710000,台湾省,710000,25.009928725
2297,20070417,台湾省,710000,台湾省,710000,24.5270527493
2298,20070418,台湾省,710000,台湾省,710000,18.8444545486
2299,20070419,台湾省,710000,台湾省,710000,21.7537929362
2300,20070420,台湾省,710000,台湾省,710000,24.1367484223
2301,20070421,台湾省,710000,台湾省,710000,26.2726089087
2302,20070422,台湾省,710000,台湾省,710000,27.6425795555
2303,20070423,台湾省,710000,台湾省,710000,25.4853499803
2304,20070424,台湾省,710000,台湾省,710000,24.6918716864
2305,20070425,台湾省,710000,台湾省,710000,22.7545285658
2306,20070426,台湾省,710000,台湾省,710000,24.0543876561
2307,20070427,台湾省,710000,台湾省,710000,25.2283588973
2308,20070428,台湾省,710000,台湾省,710000,24.8789701028
2309,20070429,台湾省,710000,台湾省,710000,25.7080247619
2310,20070430,台湾省,710000,台湾省,710000,26.4134102951
2311,20070501,台湾省,710000,台湾省,710000,24.9180618199
2312,20070502,台湾省,710000,台湾省,710000,25.3171261441
2313,20070503,台湾省,710000,台湾省,710000,25.9629511833
2314,20070504,台湾省,710000,台湾省,710000,26.7598426559
2315,20070505,台湾省,710000,台湾省,710000,25.1998186111
2316,20070506,台湾省,710000,台湾省,710000,24.6159536188
2317,20070507,台湾省,710000,台湾省,710000,25.0010782155
2318,20070508,台湾省,710000,台湾省,710000,25.6123476462
2319,20070509,台湾省,710000,台湾省,710000,25.7501153946
2320,20070510,台湾省,710000,台湾省,710000,26.435833931
2321,20070511,台湾省,710000,台湾省,710000,26.6250995939
2322,20070512,台湾省,710000,台湾省,710000,26.6289231777
2323,20070513,台湾省,710000,台湾省,710000,25.8830984939
2324,20070514,台湾省,710000,台湾省,710000,26.5201957009
2325,20070515,台湾省,710000,台湾省,710000,27.4286641641
2326,20070516,台湾省,710000,台湾省,710000,28.2040784576
2327,20070517,台湾省,710000,台湾省,710000,26.162157904
2328,20070518,台湾省,710000,台湾省,710000,26.237374089
2329,20070519,台湾省,710000,台湾省,710000,23.9398042289
2330,20070520,台湾省,710000,台湾省,710000,22.6178695072
2331,20070521,台湾省,710000,台湾省,710000,26.0390942313
2332,20070522,台湾省,710000,台湾省,710000,26.8710990819
2333,20070523,台湾省,710000,台湾省,710000,27.5244997415
2334,20070524,台湾省,710000,台湾省,710000,29.4835697738
2335,20070525,台湾省,710000,台湾省,710000,29.6056920832
2336,20070526,台湾省,710000,台湾省,710000,29.1581928947
2337,20070527,台湾省,710000,台湾省,710000,29.7259924845
2338,20070528,台湾省,710000,台湾省,710000,28.8869274096
2339,20070529,台湾省,710000,台湾省,710000,29.1386135708
2340,20070530,台湾省,710000,台湾省,710000,27.4491795193
2341,20070531,台湾省,710000,台湾省,710000,28.8511945334
2342,20070601,台湾省,710000,台湾省,710000,29.3123178482
2343,20070602,台湾省,710000,台湾省,710000,30.0043952899
2344,20070603,台湾省,710000,台湾省,710000,28.432347211
2345,20070604,台湾省,710000,台湾省,710000,27.2628813874
2346,20070605,台湾省,710000,台湾省,710000,26.8856610168
2347,20070606,台湾省,710000,台湾省,710000,26.3044406284
2348,20070607,台湾省,710000,台湾省,710000,25.6011875976
2349,20070608,台湾省,710000,台湾省,710000,25.075564081
2350,20070609,台湾省,710000,台湾省,710000,25.3569060889
2351,20070610,台湾省,710000,台湾省,710000,26.3566468412
2352,20070611,台湾省,710000,台湾省,710000,26.9641163999
2353,20070612,台湾省,710000,台湾省,710000,26.3330409093
2354,20070613,台湾省,710000,台湾省,710000,28.3595243584
2355,20070614,台湾省,710000,台湾省,710000,29.4746675708
2356,20070615,台湾省,710000,台湾省,710000,27.3174436743
2357,20070616,台湾省,710000,台湾省,710000,27.523541819
2358,20070617,台湾省,710000,台湾省,710000,28.3483795469
2359,20070618,台湾省,710000,台湾省,710000,28.6894874356
2360,20070619,台湾省,710000,台湾省,710000,28.9082945694
2361,20070620,台湾省,710000,台湾省,710000,28.8593737646
2362,20070621,台湾省,710000,台湾省,710000,29.5777593959
2363,20070622,台湾省,710000,台湾省,710000,29.7738344019
2364,20070623,台湾省,710000,台湾省,710000,29.2714560682
2365,20070624,台湾省,710000,台湾省,710000,30.0870624672
2366,20070625,台湾省,710000,台湾省,710000,28.8326880498
2367,20070626,台湾省,710000,台湾省,710000,28.091804201
2368,20070627,台湾省,710000,台湾省,710000,28.650905284
2369,20070628,台湾省,710000,台湾省,710000,29.212272644
2370,20070629,台湾省,710000,台湾省,710000,28.987210924
2371,20070630,台湾省,710000,台湾省,710000,29.8807486187
2372,20070701,台湾省,710000,台湾省,710000,29.6911533096
2373,20070702,台湾省,710000,台湾省,710000,29.8255199953
2374,20070703,台湾省,710000,台湾省,710000,29.6179974946
2375,20070704,台湾省,710000,台湾省,710000,30.1909288276
2376,20070705,台湾省,710000,台湾省,710000,29.9783981713
2377,20070706,台湾省,710000,台湾省,710000,29.9587274898
2378,20070707,台湾省,710000,台湾省,710000,30.4119242755
2379,20070708,台湾省,710000,台湾省,710000,30.5206899209
2380,20070709,台湾省,710000,台湾省,710000,29.6182494597
2381,20070710,台湾省,710000,台湾省,710000,30.2598071965
2382,20070711,台湾省,710000,台湾省,710000,30.1182667342
2383,20070712,台湾省,710000,台湾省,710000,30.0627628023
2384,20070713,台湾省,710000,台湾省,710000,30.3672749779
2385,20070714,台湾省,710000,台湾省,710000,30.3481966149
2386,20070715,台湾省,710000,台湾省,710000,29.2828436115
2387,20070716,台湾省,710000,台湾省,710000,29.6375230226
2388,20070717,台湾省,710000,台湾省,710000,30.0489275022
2389,20070718,台湾省,710000,台湾省,710000,30.6862350811
2390,20070719,台湾省,710000,台湾省,710000,30.9860053496
2391,20070720,台湾省,710000,台湾省,710000,30.944127473
2392,20070721,台湾省,710000,台湾省,710000,31.101449793
2393,20070722,台湾省,710000,台湾省,710000,30.8728935502
2394,20070723,台湾省,710000,台湾省,710000,30.3982186317
2395,20070724,台湾省,710000,台湾省,710000,28.9771299796
2396,20070725,台湾省,710000,台湾省,710000,30.2505523725
2397,20070726,台湾省,710000,台湾省,710000,30.0599213947
2398,20070727,台湾省,710000,台湾省,710000,30.6247995116
2399,20070728,台湾省,710000,台湾省,710000,30.651890538
2400,20070729,台湾省,710000,台湾省,710000,29.1496584849
2401,20070730,台湾省,710000,台湾省,710000,29.1030249812
2402,20070731,台湾省,710000,台湾省,710000,29.5904913816
2403,20070801,台湾省,710000,台湾省,710000,30.0887433399
2404,20070802,台湾省,710000,台湾省,710000,30.4776239829
2405,20070803,台湾省,710000,台湾省,710000,29.5466102037
2406,20070804,台湾省,710000,台湾省,710000,28.6246853958
2407,20070805,台湾省,710000,台湾省,710000,29.9540796063
2408,20070806,台湾省,710000,台湾省,710000,30.1469725045
2409,20070807,台湾省,710000,台湾省,710000,27.8345378312
2410,20070808,台湾省,710000,台湾省,710000,28.5311715386
2411,20070809,台湾省,710000,台湾省,710000,27.857291265
2412,20070810,台湾省,710000,台湾省,710000,27.5737519264
2413,20070811,台湾省,710000,台湾省,710000,28.3087152785
2414,20070812,台湾省,710000,台湾省,710000,27.1961850036
2415,20070813,台湾省,710000,台湾省,710000,26.6908240969
2416,20070814,台湾省,710000,台湾省,710000,26.5787086053
2417,20070815,台湾省,710000,台湾省,710000,27.779344407
2418,20070816,台湾省,710000,台湾省,710000,29.7034934868
2419,20070817,台湾省,710000,台湾省,710000,28.0456300432
2420,20070818,台湾省,710000,台湾省,710000,26.8653872663
2421,20070819,台湾省,710000,台湾省,710000,26.6885723634
2422,20070820,台湾省,710000,台湾省,710000,26.1369079026
2423,20070821,台湾省,710000,台湾省,710000,26.234396501
2424,20070822,台湾省,710000,台湾省,710000,27.0602485483
2425,20070823,台湾省,710000,台湾省,710000,27.3100202517
2426,20070824,台湾省,710000,台湾省,710000,27.5723408352
2427,20070825,台湾省,710000,台湾省,710000,28.0757121606
2428,20070826,台湾省,710000,台湾省,710000,27.8682414402
2429,20070827,台湾省,710000,台湾省,710000,29.2647622282
2430,20070828,台湾省,710000,台湾省,710000,28.0975331393
2431,20070829,台湾省,710000,台湾省,710000,28.7222390825
2432,20070830,台湾省,710000,台湾省,710000,28.3565413085
2433,20070831,台湾省,710000,台湾省,710000,28.2878370935
2434,20070901,台湾省,710000,台湾省,710000,28.1002879576
2435,20070902,台湾省,710000,台湾省,710000,27.8871893233
2436,20070903,台湾省,710000,台湾省,710000,28.2363809239
2437,20070904,台湾省,710000,台湾省,710000,27.4574132182
2438,20070905,台湾省,710000,台湾省,710000,26.6696824811
2439,20070906,台湾省,710000,台湾省,710000,27.2895003882
2440,20070907,台湾省,710000,台湾省,710000,27.8441313397
2441,20070908,台湾省,710000,台湾省,710000,28.0764521252
2442,20070909,台湾省,710000,台湾省,710000,27.127614043
2443,20070910,台湾省,710000,台湾省,710000,27.5534626571
2444,20070911,台湾省,710000,台湾省,710000,27.779291348
2445,20070912,台湾省,710000,台湾省,710000,27.2015332309
2446,20070913,台湾省,710000,台湾省,710000,27.1097864454
2447,20070914,台湾省,710000,台湾省,710000,27.3585387577
2448,20070915,台湾省,710000,台湾省,710000,27.9338595
2449,20070916,台湾省,710000,台湾省,710000,28.0830072273
2450,20070917,台湾省,710000,台湾省,710000,26.962455251
2451,20070918,台湾省,710000,台湾省,710000,25.515831969
2452,20070919,台湾省,710000,台湾省,710000,26.8784443032
2453,20070920,台湾省,710000,台湾省,710000,28.1259204041
2454,20070921,台湾省,710000,台湾省,710000,27.4406678677
2455,20070922,台湾省,710000,台湾省,710000,26.5444647832
2456,20070923,台湾省,710000,台湾省,710000,27.5724061186
2457,20070924,台湾省,710000,台湾省,710000,27.256492333
2458,20070925,台湾省,710000,台湾省,710000,27.3448688334
2459,20070926,台湾省,710000,台湾省,710000,27.9371264631
2460,20070927,台湾省,710000,台湾省,710000,28.417108124
2461,20070928,台湾省,710000,台湾省,710000,29.0267952355
2462,20070929,台湾省,710000,台湾省,710000,28.9701038274
2463,20070930,台湾省,710000,台湾省,710000,28.7519335313
2464,20071001,台湾省,710000,台湾省,710000,29.069909746
2465,20071002,台湾省,710000,台湾省,710000,28.997976975
2466,20071003,台湾省,710000,台湾省,710000,28.3589716825
2467,20071004,台湾省,710000,台湾省,710000,28.2539920373
2468,20071005,台湾省,710000,台湾省,710000,27.5061206384
2469,20071006,台湾省,710000,台湾省,710000,26.46419109
2470,20071007,台湾省,710000,台湾省,710000,25.8995683627
2471,20071008,台湾省,710000,台湾省,710000,26.338562857
2472,20071009,台湾省,710000,台湾省,710000,25.1601621888
2473,20071010,台湾省,710000,台湾省,710000,25.1950311878
2474,20071011,台湾省,710000,台湾省,710000,25.0807275555
2475,20071012,台湾省,710000,台湾省,710000,25.2817838409
2476,20071013,台湾省,710000,台湾省,710000,25.3627274903
2477,20071014,台湾省,710000,台湾省,710000,24.8195024404
2478,20071015,台湾省,710000,台湾省,710000,24.3328018405
2479,20071016,台湾省,710000,台湾省,710000,23.5044640845
2480,20071017,台湾省,710000,台湾省,710000,22.7979504195
2481,20071018,台湾省,710000,台湾省,710000,23.8258748705
2482,20071019,台湾省,710000,台湾省,710000,23.3175815886
2483,20071020,台湾省,710000,台湾省,710000,23.1069487442
2484,20071021,台湾省,710000,台湾省,710000,24.3669240041
2485,20071022,台湾省,710000,台湾省,710000,24.3152087168
2486,20071023,台湾省,710000,台湾省,710000,25.3133069385
2487,20071024,台湾省,710000,台湾省,710000,26.1952202754
2488,20071025,台湾省,710000,台湾省,710000,25.983394276
2489,20071026,台湾省,710000,台湾省,710000,24.9747678367
2490,20071027,台湾省,710000,台湾省,710000,24.2143415538
2491,20071028,台湾省,710000,台湾省,710000,25.2379040068
2492,20071029,台湾省,710000,台湾省,710000,25.3162621802
2493,20071030,台湾省,710000,台湾省,710000,24.9080298814
2494,20071031,台湾省,710000,台湾省,710000,25.4113618461
2495,20071101,台湾省,710000,台湾省,710000,23.120263208
2496,20071102,台湾省,710000,台湾省,710000,21.5599866997
2497,20071103,台湾省,710000,台湾省,710000,22.1388634335
2498,20071104,台湾省,710000,台湾省,710000,22.4093638117
2499,20071105,台湾省,710000,台湾省,710000,22.2205270854
2500,20071106,台湾省,710000,台湾省,710000,22.0590877316
2501,20071107,台湾省,710000,台湾省,710000,22.7365858121
2502,20071108,台湾省,710000,台湾省,710000,22.9572462819
2503,20071109,台湾省,710000,台湾省,710000,22.9545790499
2504,20071110,台湾省,710000,台湾省,710000,22.7786153447
2505,20071111,台湾省,710000,台湾省,710000,22.0647586692
2506,20071112,台湾省,710000,台湾省,710000,21.8815065731
2507,20071113,台湾省,710000,台湾省,710000,22.4198296504
2508,20071114,台湾省,710000,台湾省,710000,23.1993441365
2509,20071115,台湾省,710000,台湾省,710000,23.8764132153
2510,20071116,台湾省,710000,台湾省,710000,23.9561869231
2511,20071117,台湾省,710000,台湾省,710000,24.0648638985
2512,20071118,台湾省,710000,台湾省,710000,21.6020459912
2513,20071119,台湾省,710000,台湾省,710000,21.1363523873
2514,20071120,台湾省,710000,台湾省,710000,21.0395816023
2515,20071121,台湾省,710000,台湾省,710000,21.4683517976
2516,20071122,台湾省,710000,台湾省,710000,21.9854867458
2517,20071123,台湾省,710000,台湾省,710000,21.930139715
2518,20071124,台湾省,710000,台湾省,710000,22.3601988879
2519,20071125,台湾省,710000,台湾省,710000,23.5248211947
2520,20071126,台湾省,710000,台湾省,710000,21.206283526
2521,20071127,台湾省,710000,台湾省,710000,18.0519267212
2522,20071128,台湾省,710000,台湾省,710000,16.8832932386
2523,20071129,台湾省,710000,台湾省,710000,17.271089944
2524,20071130,台湾省,710000,台湾省,710000,18.6459184993
2525,20071201,台湾省,710000,台湾省,710000,19.6525370208
2526,20071202,台湾省,710000,台湾省,710000,20.6280872605
2527,20071203,台湾省,710000,台湾省,710000,19.2012408647
2528,20071204,台湾省,710000,台湾省,710000,19.921034878
2529,20071205,台湾省,710000,台湾省,710000,19.9123884331
2530,20071206,台湾省,710000,台湾省,710000,20.0689166459
2531,20071207,台湾省,710000,台湾省,710000,19.8323627602
2532,20071208,台湾省,710000,台湾省,710000,19.6345025843
2533,20071209,台湾省,710000,台湾省,710000,20.8169853254
2534,20071210,台湾省,710000,台湾省,710000,21.173926982
2535,20071211,台湾省,710000,台湾省,710000,22.1219126528
2536,20071212,台湾省,710000,台湾省,710000,22.9693015489
2537,20071213,台湾省,710000,台湾省,710000,19.7998416424
2538,20071214,台湾省,710000,台湾省,710000,19.527102362
2539,20071215,台湾省,710000,台湾省,710000,20.4738147042
2540,20071216,台湾省,710000,台湾省,710000,21.0889148929
2541,20071217,台湾省,710000,台湾省,710000,21.8860318877
2542,20071218,台湾省,710000,台湾省,710000,20.8591986786
2543,20071219,台湾省,710000,台湾省,710000,19.8319559314
2544,20071220,台湾省,710000,台湾省,710000,21.4302564968
2545,20071221,台湾省,710000,台湾省,710000,22.3099510236
2546,20071222,台湾省,710000,台湾省,710000,22.6095862822
2547,20071223,台湾省,710000,台湾省,710000,21.1428972591
2548,20071224,台湾省,710000,台湾省,710000,19.8311181502
2549,20071225,台湾省,710000,台湾省,710000,20.491345709
2550,20071226,台湾省,710000,台湾省,710000,19.7346213081
2551,20071227,台湾省,710000,台湾省,710000,20.4318809293
2552,20071228,台湾省,710000,台湾省,710000,20.4593878443
2553,20071229,台湾省,710000,台湾省,710000,17.9935402653
2554,20071230,台湾省,710000,台湾省,710000,15.1124055711
2555,20071231,台湾省,710000,台湾省,710000,13.5263543779
2556,20080101,台湾省,710000,台湾省,710000,13.4196309827
2557,20080102,台湾省,710000,台湾省,710000,14.1898310293
2558,20080103,台湾省,710000,台湾省,710000,17.2671861215
2559,20080104,台湾省,710000,台湾省,710000,17.9409026883
2560,20080105,台湾省,710000,台湾省,710000,18.5073657903
2561,20080106,台湾省,710000,台湾省,710000,20.7085372535
2562,20080107,台湾省,710000,台湾省,710000,21.7099129287
2563,20080108,台湾省,710000,台湾省,710000,21.9620666937
2564,20080109,台湾省,710000,台湾省,710000,22.1969137842
2565,20080110,台湾省,710000,台湾省,710000,22.1448007063
2566,20080111,台湾省,710000,台湾省,710000,23.9028263959
2567,20080112,台湾省,710000,台湾省,710000,21.9653717388
2568,20080113,台湾省,710000,台湾省,710000,17.3972128955
2569,20080114,台湾省,710000,台湾省,710000,16.2331231182
2570,20080115,台湾省,710000,台湾省,710000,17.2224288854
2571,20080116,台湾省,710000,台湾省,710000,15.3288997954
2572,20080117,台湾省,710000,台湾省,710000,16.2724667679
2573,20080118,台湾省,710000,台湾省,710000,17.5492920876
2574,20080119,台湾省,710000,台湾省,710000,19.8068577593
2575,20080120,台湾省,710000,台湾省,710000,20.7177664583
2576,20080121,台湾省,710000,台湾省,710000,19.3553824533
2577,20080122,台湾省,710000,台湾省,710000,19.538466757
2578,20080123,台湾省,710000,台湾省,710000,18.0719111399
2579,20080124,台湾省,710000,台湾省,710000,15.6163619323
2580,20080125,台湾省,710000,台湾省,710000,16.9926208366
2581,20080126,台湾省,710000,台湾省,710000,17.3341961666
2582,20080127,台湾省,710000,台湾省,710000,17.2186123024
2583,20080128,台湾省,710000,台湾省,710000,18.4858441786
2584,20080129,台湾省,710000,台湾省,710000,17.7184761654
2585,20080130,台湾省,710000,台湾省,710000,16.858564767
2586,20080131,台湾省,710000,台湾省,710000,15.0990477259
2587,20080201,台湾省,710000,台湾省,710000,17.0516679179
2588,20080202,台湾省,710000,台湾省,710000,16.4329351945
2589,20080203,台湾省,710000,台湾省,710000,13.6694157774
2590,20080204,台湾省,710000,台湾省,710000,15.9503982826
2591,20080205,台湾省,710000,台湾省,710000,17.0107057745
2592,20080206,台湾省,710000,台湾省,710000,14.499161872
2593,20080207,台湾省,710000,台湾省,710000,14.3246589899
2594,20080208,台湾省,710000,台湾省,710000,14.8499589291
2595,20080209,台湾省,710000,台湾省,710000,12.1310127323
2596,20080210,台湾省,710000,台湾省,710000,14.8240067309
2597,20080211,台湾省,710000,台湾省,710000,14.5475953384
2598,20080212,台湾省,710000,台湾省,710000,11.8934643485
2599,20080213,台湾省,710000,台湾省,710000,12.1738686778
2600,20080214,台湾省,710000,台湾省,710000,13.0203978799
2601,20080215,台湾省,710000,台湾省,710000,14.0227305022
2602,20080216,台湾省,710000,台湾省,710000,17.1225647818
2603,20080217,台湾省,710000,台湾省,710000,17.9164677533
2604,20080218,台湾省,710000,台湾省,710000,17.2248807604
2605,20080219,台湾省,710000,台湾省,710000,16.8813410347
2606,20080220,台湾省,710000,台湾省,710000,17.755201123
2607,20080221,台湾省,710000,台湾省,710000,19.1850505742
2608,20080222,台湾省,710000,台湾省,710000,20.9846793522
2609,20080223,台湾省,710000,台湾省,710000,18.1005406163
2610,20080224,台湾省,710000,台湾省,710000,17.1034854109
2611,20080225,台湾省,710000,台湾省,710000,17.8838446574
2612,20080226,台湾省,710000,台湾省,710000,17.155388442
2613,20080227,台湾省,710000,台湾省,710000,13.0050778389
2614,20080228,台湾省,710000,台湾省,710000,14.7722729661
2615,20080229,台湾省,710000,台湾省,710000,16.1874371008
2616,20080301,台湾省,710000,台湾省,710000,18.51778323
2617,20080302,台湾省,710000,台湾省,710000,19.2372425469
2618,20080303,台湾省,710000,台湾省,710000,18.9827468395
2619,20080304,台湾省,710000,台湾省,710000,17.204683358
2620,20080305,台湾省,710000,台湾省,710000,17.8168149428
2621,20080306,台湾省,710000,台湾省,710000,19.3161776499
2622,20080307,台湾省,710000,台湾省,710000,19.3185436726
2623,20080308,台湾省,710000,台湾省,710000,18.3215295943
2624,20080309,台湾省,710000,台湾省,710000,19.7238443982
2625,20080310,台湾省,710000,台湾省,710000,19.7019455433
2626,20080311,台湾省,710000,台湾省,710000,21.3914747021
2627,20080312,台湾省,710000,台湾省,710000,22.4982940934
2628,20080313,台湾省,710000,台湾省,710000,22.4273767688
2629,20080314,台湾省,710000,台湾省,710000,19.7259959308
2630,20080315,台湾省,710000,台湾省,710000,20.626928026
2631,20080316,台湾省,710000,台湾省,710000,21.9660563035
2632,20080317,台湾省,710000,台湾省,710000,22.2582931519
2633,20080318,台湾省,710000,台湾省,710000,24.1630359129
2634,20080319,台湾省,710000,台湾省,710000,20.6297180002
2635,20080320,台湾省,710000,台湾省,710000,21.2624830766
2636,20080321,台湾省,710000,台湾省,710000,21.9282638376
2637,20080322,台湾省,710000,台湾省,710000,22.84126078
2638,20080323,台湾省,710000,台湾省,710000,19.6851389842
2639,20080324,台湾省,710000,台湾省,710000,19.590233521
2640,20080325,台湾省,710000,台湾省,710000,21.0292239623
2641,20080326,台湾省,710000,台湾省,710000,20.5643082966
2642,20080327,台湾省,710000,台湾省,710000,21.9029279622
2643,20080328,台湾省,710000,台湾省,710000,23.1620862484
2644,20080329,台湾省,710000,台湾省,710000,24.6606121497
2645,20080330,台湾省,710000,台湾省,710000,21.5604730303
2646,20080331,台湾省,710000,台湾省,710000,17.0644768043
2647,20080401,台湾省,710000,台湾省,710000,18.9299159917
2648,20080402,台湾省,710000,台湾省,710000,21.006808476
2649,20080403,台湾省,710000,台湾省,710000,20.4384222898
2650,20080404,台湾省,710000,台湾省,710000,23.0116676201
2651,20080405,台湾省,710000,台湾省,710000,25.0498374159
2652,20080406,台湾省,710000,台湾省,710000,25.3260556568
2653,20080407,台湾省,710000,台湾省,710000,26.7915101918
2654,20080408,台湾省,710000,台湾省,710000,26.650580948
2655,20080409,台湾省,710000,台湾省,710000,27.5016083284
2656,20080410,台湾省,710000,台湾省,710000,23.9281568744
2657,20080411,台湾省,710000,台湾省,710000,23.1218026118
2658,20080412,台湾省,710000,台湾省,710000,23.7444387783
2659,20080413,台湾省,710000,台湾省,710000,23.1774221334
2660,20080414,台湾省,710000,台湾省,710000,23.7019089352
2661,20080415,台湾省,710000,台湾省,710000,25.4978442842
2662,20080416,台湾省,710000,台湾省,710000,26.579151457
2663,20080417,台湾省,710000,台湾省,710000,24.164894104
2664,20080418,台湾省,710000,台湾省,710000,24.0567463528
2665,20080419,台湾省,710000,台湾省,710000,25.6959396926
2666,20080420,台湾省,710000,台湾省,710000,26.455461372
2667,20080421,台湾省,710000,台湾省,710000,25.701146711
2668,20080422,台湾省,710000,台湾省,710000,25.0776851177
2669,20080423,台湾省,710000,台湾省,710000,22.2468516393
2670,20080424,台湾省,710000,台湾省,710000,19.6533313231
2671,20080425,台湾省,710000,台湾省,710000,21.7925644354
2672,20080426,台湾省,710000,台湾省,710000,24.5176259821
2673,20080427,台湾省,710000,台湾省,710000,25.2927661592
2674,20080428,台湾省,710000,台湾省,710000,23.2401843288
2675,20080429,台湾省,710000,台湾省,710000,25.6153469519
2676,20080430,台湾省,710000,台湾省,710000,26.1749107404
2677,20080501,台湾省,710000,台湾省,710000,25.7596218586
2678,20080502,台湾省,710000,台湾省,710000,25.6028007161
2679,20080503,台湾省,710000,台湾省,710000,26.8947803757
2680,20080504,台湾省,710000,台湾省,710000,27.8827652931
2681,20080505,台湾省,710000,台湾省,710000,23.0376671011
2682,20080506,台湾省,710000,台湾省,710000,23.5519767675
2683,20080507,台湾省,710000,台湾省,710000,24.9766264179
2684,20080508,台湾省,710000,台湾省,710000,27.3760862567
2685,20080509,台湾省,710000,台湾省,710000,27.971511364
2686,20080510,台湾省,710000,台湾省,710000,23.5042443709
2687,20080511,台湾省,710000,台湾省,710000,22.4766392708
2688,20080512,台湾省,710000,台湾省,710000,23.7661346306
2689,20080513,台湾省,710000,台湾省,710000,24.9023914771
2690,20080514,台湾省,710000,台湾省,710000,25.1065851342
2691,20080515,台湾省,710000,台湾省,710000,24.9445333047
2692,20080516,台湾省,710000,台湾省,710000,25.8942367814
2693,20080517,台湾省,710000,台湾省,710000,26.8943512223
2694,20080518,台湾省,710000,台湾省,710000,27.5280979763
2695,20080519,台湾省,710000,台湾省,710000,23.577492779
2696,20080520,台湾省,710000,台湾省,710000,24.1998273459
2697,20080521,台湾省,710000,台湾省,710000,25.5566913431
2698,20080522,台湾省,710000,台湾省,710000,26.3669637333
2699,20080523,台湾省,710000,台湾省,710000,27.7320559025
2700,20080524,台湾省,710000,台湾省,710000,28.3917429664
2701,20080525,台湾省,710000,台湾省,710000,27.9385862134
2702,20080526,台湾省,710000,台湾省,710000,27.2634939497
2703,20080527,台湾省,710000,台湾省,710000,27.9317909371
2704,20080528,台湾省,710000,台湾省,710000,29.2332789031
2705,20080529,台湾省,710000,台湾省,710000,28.0299358585
2706,20080530,台湾省,710000,台湾省,710000,27.698352597
2707,20080531,台湾省,710000,台湾省,710000,24.5070043694
2708,20080601,台湾省,710000,台湾省,710000,25.8295997706
2709,20080602,台湾省,710000,台湾省,710000,24.8211093816
2710,20080603,台湾省,710000,台湾省,710000,23.9681490985
2711,20080604,台湾省,710000,台湾省,710000,24.841726108
2712,20080605,台湾省,710000,台湾省,710000,25.5166365233
2713,20080606,台湾省,710000,台湾省,710000,26.7892291112
2714,20080607,台湾省,710000,台湾省,710000,27.5007833784
2715,20080608,台湾省,710000,台湾省,710000,28.2710794752
2716,20080609,台湾省,710000,台湾省,710000,28.1720143015
2717,20080610,台湾省,710000,台湾省,710000,28.7963084091
2718,20080611,台湾省,710000,台湾省,710000,29.3290866722
2719,20080612,台湾省,710000,台湾省,710000,26.5389944857
2720,20080613,台湾省,710000,台湾省,710000,27.663381078
2721,20080614,台湾省,710000,台湾省,710000,25.109278072
2722,20080615,台湾省,710000,台湾省,710000,26.103789633
2723,20080616,台湾省,710000,台湾省,710000,25.6722406041
2724,20080617,台湾省,710000,台湾省,710000,28.2460570335
2725,20080618,台湾省,710000,台湾省,710000,28.3877254183
2726,20080619,台湾省,710000,台湾省,710000,29.1107235605
2727,20080620,台湾省,710000,台湾省,710000,29.2841359269
2728,20080621,台湾省,710000,台湾省,710000,29.0148412531
2729,20080622,台湾省,710000,台湾省,710000,29.3761144551
2730,20080623,台湾省,710000,台湾省,710000,29.8210240494
2731,20080624,台湾省,710000,台湾省,710000,29.8108331507
2732,20080625,台湾省,710000,台湾省,710000,29.7756666704
2733,20080626,台湾省,710000,台湾省,710000,29.3136062622
2734,20080627,台湾省,710000,台湾省,710000,27.7582101822
2735,20080628,台湾省,710000,台湾省,710000,27.8068602735
2736,20080629,台湾省,710000,台湾省,710000,28.4625792287
2737,20080630,台湾省,710000,台湾省,710000,28.3744235256
2738,20080701,台湾省,710000,台湾省,710000,29.1808559895
2739,20080702,台湾省,710000,台湾省,710000,29.4615833326
2740,20080703,台湾省,710000,台湾省,710000,29.8621182442
2741,20080704,台湾省,710000,台湾省,710000,29.7911206809
2742,20080705,台湾省,710000,台湾省,710000,29.6223296686
2743,20080706,台湾省,710000,台湾省,710000,28.7476658821
2744,20080707,台湾省,710000,台湾省,710000,28.3650723804
2745,20080708,台湾省,710000,台湾省,710000,27.4944033623
2746,20080709,台湾省,710000,台湾省,710000,27.2066555673
2747,20080710,台湾省,710000,台湾省,710000,27.7958374674
2748,20080711,台湾省,710000,台湾省,710000,28.0852031491
2749,20080712,台湾省,710000,台湾省,710000,28.6273124868
2750,20080713,台湾省,710000,台湾省,710000,28.9794415127
2751,20080714,台湾省,710000,台湾省,710000,29.5936842615
2752,20080715,台湾省,710000,台湾省,710000,29.8180654916
2753,20080716,台湾省,710000,台湾省,710000,29.3900458162
2754,20080717,台湾省,710000,台湾省,710000,27.5942984061
2755,20080718,台湾省,710000,台湾省,710000,25.6505418908
2756,20080719,台湾省,710000,台湾省,710000,27.4528527477
2757,20080720,台湾省,710000,台湾省,710000,29.7867048654
2758,20080721,台湾省,710000,台湾省,710000,30.0474983779
2759,20080722,台湾省,710000,台湾省,710000,29.5071750771
2760,20080723,台湾省,710000,台湾省,710000,29.5441528667
2761,20080724,台湾省,710000,台湾省,710000,30.2411607179
2762,20080725,台湾省,710000,台湾省,710000,30.2052169713
2763,20080726,台湾省,710000,台湾省,710000,30.1914951368
2764,20080727,台湾省,710000,台湾省,710000,29.0876087926
2765,20080728,台湾省,710000,台湾省,710000,26.6618714549
2766,20080729,台湾省,710000,台湾省,710000,26.9421622536
2767,20080730,台湾省,710000,台湾省,710000,27.3900936083
2768,20080731,台湾省,710000,台湾省,710000,28.966834155
2769,20080801,台湾省,710000,台湾省,710000,29.0639501918
2770,20080802,台湾省,710000,台湾省,710000,29.3898174546
2771,20080803,台湾省,710000,台湾省,710000,29.2698790377
2772,20080804,台湾省,710000,台湾省,710000,28.0274364298
2773,20080805,台湾省,710000,台湾省,710000,28.2539776455
2774,20080806,台湾省,710000,台湾省,710000,28.1657525193
2775,20080807,台湾省,710000,台湾省,710000,27.8576616807
2776,20080808,台湾省,710000,台湾省,710000,28.1266217665
2777,20080809,台湾省,710000,台湾省,710000,28.1180923635
2778,20080810,台湾省,710000,台湾省,710000,28.0345525308
2779,20080811,台湾省,710000,台湾省,710000,27.7923529798
2780,20080812,台湾省,710000,台湾省,710000,29.5342386853
2781,20080813,台湾省,710000,台湾省,710000,29.7069310058
2782,20080814,台湾省,710000,台湾省,710000,29.5495373336
2783,20080815,台湾省,710000,台湾省,710000,28.8845545379
2784,20080816,台湾省,710000,台湾省,710000,29.2702531598
2785,20080817,台湾省,710000,台湾省,710000,28.9116616249
2786,20080818,台湾省,710000,台湾省,710000,29.5681285425
2787,20080819,台湾省,710000,台湾省,710000,29.763806018
2788,20080820,台湾省,710000,台湾省,710000,29.7823769829
2789,20080821,台湾省,710000,台湾省,710000,29.2340414958
2790,20080822,台湾省,710000,台湾省,710000,28.7892893661
2791,20080823,台湾省,710000,台湾省,710000,28.9553545605
2792,20080824,台湾省,710000,台湾省,710000,28.8743191199
2793,20080825,台湾省,710000,台湾省,710000,28.9416803013
2794,20080826,台湾省,710000,台湾省,710000,29.1578930508
2795,20080827,台湾省,710000,台湾省,710000,29.1149033416
2796,20080828,台湾省,710000,台湾省,710000,29.1078099554
2797,20080829,台湾省,710000,台湾省,710000,29.1082469117
2798,20080830,台湾省,710000,台湾省,710000,29.3558878899
2799,20080831,台湾省,710000,台湾省,710000,29.1159072573
2800,20080901,台湾省,710000,台湾省,710000,28.3417404782
2801,20080902,台湾省,710000,台湾省,710000,27.2460251938
2802,20080903,台湾省,710000,台湾省,710000,27.5920491002
2803,20080904,台湾省,710000,台湾省,710000,27.2716590274
2804,20080905,台湾省,710000,台湾省,710000,27.2911769694
2805,20080906,台湾省,710000,台湾省,710000,27.5806167559
2806,20080907,台湾省,710000,台湾省,710000,28.8010383519
2807,20080908,台湾省,710000,台湾省,710000,28.8294173804
2808,20080909,台湾省,710000,台湾省,710000,28.7607150511
2809,20080910,台湾省,710000,台湾省,710000,29.0221597065
2810,20080911,台湾省,710000,台湾省,710000,28.1553079865
2811,20080912,台湾省,710000,台湾省,710000,27.9065849564
2812,20080913,台湾省,710000,台湾省,710000,27.7349675785
2813,20080914,台湾省,710000,台湾省,710000,25.9425404722
2814,20080915,台湾省,710000,台湾省,710000,27.5722510164
2815,20080916,台湾省,710000,台湾省,710000,28.6210662452
2816,20080917,台湾省,710000,台湾省,710000,28.6977189454
2817,20080918,台湾省,710000,台湾省,710000,28.7825279236
2818,20080919,台湾省,710000,台湾省,710000,29.0298695131
2819,20080920,台湾省,710000,台湾省,710000,29.1975442496
2820,20080921,台湾省,710000,台湾省,710000,29.0929841778
2821,20080922,台湾省,710000,台湾省,710000,29.0460977121
2822,20080923,台湾省,710000,台湾省,710000,29.5014810129
2823,20080924,台湾省,710000,台湾省,710000,29.6896162033
2824,20080925,台湾省,710000,台湾省,710000,28.2563551339
2825,20080926,台湾省,710000,台湾省,710000,28.8184757016
2826,20080927,台湾省,710000,台湾省,710000,27.0697896914
2827,20080928,台湾省,710000,台湾省,710000,25.605401516
2828,20080929,台湾省,710000,台湾省,710000,24.4158558846
2829,20080930,台湾省,710000,台湾省,710000,25.9002262029
2830,20081001,台湾省,710000,台湾省,710000,25.9608170119
2831,20081002,台湾省,710000,台湾省,710000,26.3355445862
2832,20081003,台湾省,710000,台湾省,710000,27.2305120121
2833,20081004,台湾省,710000,台湾省,710000,27.3101545897
2834,20081005,台湾省,710000,台湾省,710000,27.8368351893
2835,20081006,台湾省,710000,台湾省,710000,25.7059105526
2836,20081007,台湾省,710000,台湾省,710000,24.8674370376
2837,20081008,台湾省,710000,台湾省,710000,26.7326078415
2838,20081009,台湾省,710000,台湾省,710000,27.2192588719
2839,20081010,台湾省,710000,台湾省,710000,27.5193541917
2840,20081011,台湾省,710000,台湾省,710000,26.3227498965
2841,20081012,台湾省,710000,台湾省,710000,25.2845290791
2842,20081013,台湾省,710000,台湾省,710000,25.8086702173
2843,20081014,台湾省,710000,台湾省,710000,26.0944162716
2844,20081015,台湾省,710000,台湾省,710000,26.527529283
2845,20081016,台湾省,710000,台湾省,710000,27.2908764319
2846,20081017,台湾省,710000,台湾省,710000,27.2230072888
2847,20081018,台湾省,710000,台湾省,710000,27.4057010954
2848,20081019,台湾省,710000,台湾省,710000,27.2681198554
2849,20081020,台湾省,710000,台湾省,710000,27.3311669176
2850,20081021,台湾省,710000,台湾省,710000,27.2611497099
2851,20081022,台湾省,710000,台湾省,710000,26.7327752547
2852,20081023,台湾省,710000,台湾省,710000,27.0057053566
2853,20081024,台湾省,710000,台湾省,710000,26.4606142911
2854,20081025,台湾省,710000,台湾省,710000,27.2131501328
2855,20081026,台湾省,710000,台湾省,710000,26.8212941343
2856,20081027,台湾省,710000,台湾省,710000,25.4064135551
2857,20081028,台湾省,710000,台湾省,710000,25.7768538648
2858,20081029,台湾省,710000,台湾省,710000,26.8783789115
2859,20081030,台湾省,710000,台湾省,710000,27.035256039
2860,20081031,台湾省,710000,台湾省,710000,27.2260683016
2861,20081101,台湾省,710000,台湾省,710000,26.8617155985
2862,20081102,台湾省,710000,台湾省,710000,27.3013044271
2863,20081103,台湾省,710000,台湾省,710000,25.7391599525
2864,20081104,台湾省,710000,台湾省,710000,26.3666313562
2865,20081105,台湾省,710000,台湾省,710000,27.4735405879
2866,20081106,台湾省,710000,台湾省,710000,27.0862849409
2867,20081107,台湾省,710000,台湾省,710000,27.1871942607
2868,20081108,台湾省,710000,台湾省,710000,24.0208651803
2869,20081109,台湾省,710000,台湾省,710000,19.802297939
2870,20081110,台湾省,710000,台湾省,710000,20.2078368447
2871,20081111,台湾省,710000,台湾省,710000,20.3323394819
2872,20081112,台湾省,710000,台湾省,710000,22.0155462785
2873,20081113,台湾省,710000,台湾省,710000,22.7950727289
2874,20081114,台湾省,710000,台湾省,710000,23.6964188706
2875,20081115,台湾省,710000,台湾省,710000,24.8795754693
2876,20081116,台湾省,710000,台湾省,710000,22.8055209247
2877,20081117,台湾省,710000,台湾省,710000,22.4771195108
2878,20081118,台湾省,710000,台湾省,710000,20.8911677707
2879,20081119,台湾省,710000,台湾省,710000,18.1478588581
2880,20081120,台湾省,710000,台湾省,710000,18.6386675184
2881,20081121,台湾省,710000,台湾省,710000,20.5718848705
2882,20081122,台湾省,710000,台湾省,710000,23.0156162002
2883,20081123,台湾省,710000,台湾省,710000,23.8736528917
2884,20081124,台湾省,710000,台湾省,710000,21.7074128064
2885,20081125,台湾省,710000,台湾省,710000,21.1501836127
2886,20081126,台湾省,710000,台湾省,710000,22.1427076513
2887,20081127,台湾省,710000,台湾省,710000,18.7669350451
2888,20081128,台湾省,710000,台湾省,710000,16.2210304737
2889,20081129,台湾省,710000,台湾省,710000,17.429465749
2890,20081130,台湾省,710000,台湾省,710000,18.7790818214
2891,20081201,台湾省,710000,台湾省,710000,19.5037027272
2892,20081202,台湾省,710000,台湾省,710000,20.162485036
2893,20081203,台湾省,710000,台湾省,710000,21.0781329328
2894,20081204,台湾省,710000,台湾省,710000,21.4899511121
2895,20081205,台湾省,710000,台湾省,710000,16.6966870373
2896,20081206,台湾省,710000,台湾省,710000,14.8141281496
2897,20081207,台湾省,710000,台湾省,710000,18.0021446185
2898,20081208,台湾省,710000,台湾省,710000,19.2342589768
2899,20081209,台湾省,710000,台湾省,710000,19.4745066599
2900,20081210,台湾省,710000,台湾省,710000,20.646240928
2901,20081211,台湾省,710000,台湾省,710000,21.0494995334
2902,20081212,台湾省,710000,台湾省,710000,21.2811002298
2903,20081213,台湾省,710000,台湾省,710000,20.5860257582
2904,20081214,台湾省,710000,台湾省,710000,17.2968826077
2905,20081215,台湾省,710000,台湾省,710000,16.7876049605
2906,20081216,台湾省,710000,台湾省,710000,18.7582705454
2907,20081217,台湾省,710000,台湾省,710000,18.9500159134
2908,20081218,台湾省,710000,台湾省,710000,19.4278013056
2909,20081219,台湾省,710000,台湾省,710000,19.6915580359
2910,20081220,台湾省,710000,台湾省,710000,19.9069541368
2911,20081221,台湾省,710000,台湾省,710000,20.7574552189
2912,20081222,台湾省,710000,台湾省,710000,15.7989992012
2913,20081223,台湾省,710000,台湾省,710000,18.1540914666
2914,20081224,台湾省,710000,台湾省,710000,20.3192324205
2915,20081225,台湾省,710000,台湾省,710000,19.3509242318
2916,20081226,台湾省,710000,台湾省,710000,19.1950428486
2917,20081227,台湾省,710000,台湾省,710000,20.6421302665
2918,20081228,台湾省,710000,台湾省,710000,20.9990776669
2919,20081229,台湾省,710000,台湾省,710000,20.0441408591
2920,20081230,台湾省,710000,台湾省,710000,17.7273049788
2921,20081231,台湾省,710000,台湾省,710000,14.9425201741
2922,20090101,台湾省,710000,台湾省,710000,13.5025513714
2923,20090102,台湾省,710000,台湾省,710000,14.8528785814
2924,20090103,台湾省,710000,台湾省,710000,17.4883038564
2925,20090104,台湾省,710000,台湾省,710000,17.3358947364
2926,20090105,台湾省,710000,台湾省,710000,18.7898827249
2927,20090106,台湾省,710000,台湾省,710000,19.2636908401
2928,20090107,台湾省,710000,台湾省,710000,18.7012616721
2929,20090108,台湾省,710000,台湾省,710000,17.2793438218
2930,20090109,台湾省,710000,台湾省,710000,13.7978233424
2931,20090110,台湾省,710000,台湾省,710000,11.8965878487
2932,20090111,台湾省,710000,台湾省,710000,14.8899410638
2933,20090112,台湾省,710000,台湾省,710000,14.3085693663
2934,20090113,台湾省,710000,台湾省,710000,11.9287868738
2935,20090114,台湾省,710000,台湾省,710000,13.5058692369
2936,20090115,台湾省,710000,台湾省,710000,14.9434905161
2937,20090116,台湾省,710000,台湾省,710000,17.2346567241
2938,20090117,台湾省,710000,台湾省,710000,17.8723604679
2939,20090118,台湾省,710000,台湾省,710000,19.0019748428
2940,20090119,台湾省,710000,台湾省,710000,19.9578517567
2941,20090120,台湾省,710000,台湾省,710000,20.2705347971
2942,20090121,台湾省,710000,台湾省,710000,20.3223741055
2943,20090122,台湾省,710000,台湾省,710000,19.3475527113
2944,20090123,台湾省,710000,台湾省,710000,14.9463852969
2945,20090124,台湾省,710000,台湾省,710000,11.9549734484
2946,20090125,台湾省,710000,台湾省,710000,15.2120080644
2947,20090126,台湾省,710000,台湾省,710000,16.3415463187
2948,20090127,台湾省,710000,台湾省,710000,17.241984855
2949,20090128,台湾省,710000,台湾省,710000,19.0249549909
2950,20090129,台湾省,710000,台湾省,710000,19.6989235011
2951,20090130,台湾省,710000,台湾省,710000,18.0866920189
2952,20090131,台湾省,710000,台湾省,710000,18.8815006343
2953,20090201,台湾省,710000,台湾省,710000,19.5611859452
2954,20090202,台湾省,710000,台湾省,710000,19.0365285657
2955,20090203,台湾省,710000,台湾省,710000,19.7615613504
2956,20090204,台湾省,710000,台湾省,710000,19.9783284231
2957,20090205,台湾省,710000,台湾省,710000,19.883133173
2958,20090206,台湾省,710000,台湾省,710000,19.1297496449
2959,20090207,台湾省,710000,台湾省,710000,20.0874267925
2960,20090208,台湾省,710000,台湾省,710000,19.9928700924
2961,20090209,台湾省,710000,台湾省,710000,21.1589027752
2962,20090210,台湾省,710000,台湾省,710000,19.5622189478
2963,20090211,台湾省,710000,台湾省,710000,20.7776437239
2964,20090212,台湾省,710000,台湾省,710000,22.8274975907
2965,20090213,台湾省,710000,台湾省,710000,24.3689921552
2966,20090214,台湾省,710000,台湾省,710000,23.1308320869
2967,20090215,台湾省,710000,台湾省,710000,22.5773763873
2968,20090216,台湾省,710000,台湾省,710000,19.8802856315
2969,20090217,台湾省,710000,台湾省,710000,20.1530794014
2970,20090218,台湾省,710000,台湾省,710000,20.7268688679
2971,20090219,台湾省,710000,台湾省,710000,22.8628879027
2972,20090220,台湾省,710000,台湾省,710000,18.8763335185
2973,20090221,台湾省,710000,台湾省,710000,20.2922347242
2974,20090222,台湾省,710000,台湾省,710000,24.1060853871
2975,20090223,台湾省,710000,台湾省,710000,24.2925213467
2976,20090224,台湾省,710000,台湾省,710000,24.600564935
2977,20090225,台湾省,710000,台湾省,710000,24.4532222531
2978,20090226,台湾省,710000,台湾省,710000,22.3517258167
2979,20090227,台湾省,710000,台湾省,710000,21.7534082586
2980,20090228,台湾省,710000,台湾省,710000,20.5321793773
2981,20090301,台湾省,710000,台湾省,710000,19.0435491258
2982,20090302,台湾省,710000,台湾省,710000,19.5654186986
2983,20090303,台湾省,710000,台湾省,710000,19.2321989753
2984,20090304,台湾省,710000,台湾省,710000,21.4607114792
2985,20090305,台湾省,710000,台湾省,710000,22.8620477156
2986,20090306,台湾省,710000,台湾省,710000,16.956143661
2987,20090307,台湾省,710000,台湾省,710000,16.4217513366
2988,20090308,台湾省,710000,台湾省,710000,19.3309993744
2989,20090309,台湾省,710000,台湾省,710000,17.4165500836
2990,20090310,台湾省,710000,台湾省,710000,20.3210392432
2991,20090311,台湾省,710000,台湾省,710000,20.1892789494
2992,20090312,台湾省,710000,台湾省,710000,21.6432029551
2993,20090313,台湾省,710000,台湾省,710000,21.0440108343
2994,20090314,台湾省,710000,台湾省,710000,14.4782854319
2995,20090315,台湾省,710000,台湾省,710000,18.3734083826
2996,20090316,台湾省,710000,台湾省,710000,20.2662068497
2997,20090317,台湾省,710000,台湾省,710000,21.6978767352
2998,20090318,台湾省,710000,台湾省,710000,24.1236679771
2999,20090319,台湾省,710000,台湾省,710000,24.6940412088
3000,20090320,台湾省,710000,台湾省,710000,23.6095620502
3001,20090321,台湾省,710000,台湾省,710000,24.7435851531
3002,20090322,台湾省,710000,台湾省,710000,25.1689773039
3003,20090323,台湾省,710000,台湾省,710000,21.5136313655
3004,20090324,台湾省,710000,台湾省,710000,18.5606833371
3005,20090325,台湾省,710000,台湾省,710000,19.5576739311
3006,20090326,台湾省,710000,台湾省,710000,21.987500104
3007,20090327,台湾省,710000,台湾省,710000,22.6900323521
3008,20090328,台湾省,710000,台湾省,710000,21.1794067296
3009,20090329,台湾省,710000,台湾省,710000,18.3882835995
3010,20090330,台湾省,710000,台湾省,710000,18.7432355772
3011,20090331,台湾省,710000,台湾省,710000,19.2337143421
3012,20090401,台湾省,710000,台湾省,710000,18.6252231056
3013,20090402,台湾省,710000,台湾省,710000,18.8046965382
3014,20090403,台湾省,710000,台湾省,710000,21.3976047256
3015,20090404,台湾省,710000,台湾省,710000,22.9763906869
3016,20090405,台湾省,710000,台湾省,710000,20.8491327763
3017,20090406,台湾省,710000,台湾省,710000,18.924702471
3018,20090407,台湾省,710000,台湾省,710000,20.1733148315
3019,20090408,台湾省,710000,台湾省,710000,20.3000001907
3020,20090409,台湾省,710000,台湾省,710000,20.6422345855
3021,20090410,台湾省,710000,台湾省,710000,22.1652572155
3022,20090411,台湾省,710000,台湾省,710000,23.6595417369
3023,20090412,台湾省,710000,台湾省,710000,25.0015900785
3024,20090413,台湾省,710000,台湾省,710000,24.8366458199
3025,20090414,台湾省,710000,台湾省,710000,23.4271551046
3026,20090415,台湾省,710000,台湾省,710000,24.3701666702
3027,20090416,台湾省,710000,台湾省,710000,22.733355197
3028,20090417,台湾省,710000,台湾省,710000,23.2739446597
3029,20090418,台湾省,710000,台湾省,710000,25.0439087044
3030,20090419,台湾省,710000,台湾省,710000,25.5371556932
3031,20090420,台湾省,710000,台湾省,710000,25.7997329885
3032,20090421,台湾省,710000,台湾省,710000,24.2342493101
3033,20090422,台湾省,710000,台湾省,710000,22.2009800131
3034,20090423,台湾省,710000,台湾省,710000,25.0651695512
3035,20090424,台湾省,710000,台湾省,710000,26.3452902274
3036,20090425,台湾省,710000,台湾省,710000,22.1923197616
3037,20090426,台湾省,710000,台湾省,710000,18.4495772015
3038,20090427,台湾省,710000,台湾省,710000,20.4877583981
3039,20090428,台湾省,710000,台湾省,710000,22.352631894
3040,20090429,台湾省,710000,台湾省,710000,23.2478700334
3041,20090430,台湾省,710000,台湾省,710000,23.9294065345
3042,20090501,台湾省,710000,台湾省,710000,24.1336550062
3043,20090502,台湾省,710000,台湾省,710000,24.833379312
3044,20090503,台湾省,710000,台湾省,710000,24.4776241563
3045,20090504,台湾省,710000,台湾省,710000,23.4626309005
3046,20090505,台湾省,710000,台湾省,710000,23.6167672331
3047,20090506,台湾省,710000,台湾省,710000,23.7621025172
3048,20090507,台湾省,710000,台湾省,710000,24.7511772676
3049,20090508,台湾省,710000,台湾省,710000,24.9406899322
3050,20090509,台湾省,710000,台湾省,710000,25.0023119666
3051,20090510,台湾省,710000,台湾省,710000,25.4472240535
3052,20090511,台湾省,710000,台湾省,710000,26.3467268077
3053,20090512,台湾省,710000,台湾省,710000,26.9106117162
3054,20090513,台湾省,710000,台湾省,710000,26.237189683
3055,20090514,台湾省,710000,台湾省,710000,26.1491056789
3056,20090515,台湾省,710000,台湾省,710000,27.5751811374
3057,20090516,台湾省,710000,台湾省,710000,27.8843604001
3058,20090517,台湾省,710000,台湾省,710000,27.4933468862
3059,20090518,台湾省,710000,台湾省,710000,26.4015613252
3060,20090519,台湾省,710000,台湾省,710000,26.4065814668
3061,20090520,台湾省,710000,台湾省,710000,28.1231738221
3062,20090521,台湾省,710000,台湾省,710000,27.9879434976
3063,20090522,台湾省,710000,台湾省,710000,28.6009632891
3064,20090523,台湾省,710000,台湾省,710000,28.0818853595
3065,20090524,台湾省,710000,台湾省,710000,26.8374889114
3066,20090525,台湾省,710000,台湾省,710000,27.6600863283
3067,20090526,台湾省,710000,台湾省,710000,26.4867228595
3068,20090527,台湾省,710000,台湾省,710000,23.7130920237
3069,20090528,台湾省,710000,台湾省,710000,23.921706178
3070,20090529,台湾省,710000,台湾省,710000,24.8284016306
3071,20090530,台湾省,710000,台湾省,710000,25.4604198066
3072,20090531,台湾省,710000,台湾省,710000,26.3449281346
3073,20090601,台湾省,710000,台湾省,710000,26.7192449353
3074,20090602,台湾省,710000,台湾省,710000,27.2606629892
3075,20090603,台湾省,710000,台湾省,710000,28.0867662863
3076,20090604,台湾省,710000,台湾省,710000,25.0928776698
3077,20090605,台湾省,710000,台湾省,710000,25.7379192439
3078,20090606,台湾省,710000,台湾省,710000,27.0233025551
3079,20090607,台湾省,710000,台湾省,710000,27.3130588098
3080,20090608,台湾省,710000,台湾省,710000,27.3840542923
3081,20090609,台湾省,710000,台湾省,710000,28.4325333942
3082,20090610,台湾省,710000,台湾省,710000,29.4285698371
3083,20090611,台湾省,710000,台湾省,710000,27.2791239132
3084,20090612,台湾省,710000,台湾省,710000,27.2433251034
3085,20090613,台湾省,710000,台湾省,710000,27.0419214856
3086,20090614,台湾省,710000,台湾省,710000,26.5829781619
3087,20090615,台湾省,710000,台湾省,710000,27.5373417464
3088,20090616,台湾省,710000,台湾省,710000,28.8100519397
3089,20090617,台湾省,710000,台湾省,710000,30.6591155963
3090,20090618,台湾省,710000,台湾省,710000,28.6364143978
3091,20090619,台湾省,710000,台湾省,710000,28.9385167469
3092,20090620,台湾省,710000,台湾省,710000,28.6207914352
3093,20090621,台湾省,710000,台湾省,710000,27.9056584835
3094,20090622,台湾省,710000,台湾省,710000,28.5789623044
3095,20090623,台湾省,710000,台湾省,710000,28.8275864341
3096,20090624,台湾省,710000,台湾省,710000,28.5610955195
3097,20090625,台湾省,710000,台湾省,710000,28.6486677907
3098,20090626,台湾省,710000,台湾省,710000,28.9278351394
3099,20090627,台湾省,710000,台湾省,710000,28.9072549343
3100,20090628,台湾省,710000,台湾省,710000,29.0475717024
3101,20090629,台湾省,710000,台湾省,710000,29.4334051826
3102,20090630,台湾省,710000,台湾省,710000,29.5579436476
3103,20090701,台湾省,710000,台湾省,710000,29.6428521113
3104,20090702,台湾省,710000,台湾省,710000,28.3136241869
3105,20090703,台湾省,710000,台湾省,710000,27.3191626722
3106,20090704,台湾省,710000,台湾省,710000,28.1754491546
3107,20090705,台湾省,710000,台湾省,710000,28.5397784493
3108,20090706,台湾省,710000,台湾省,710000,28.6503590454
3109,20090707,台湾省,710000,台湾省,710000,29.3571273197
3110,20090708,台湾省,710000,台湾省,710000,29.7564189434
3111,20090709,台湾省,710000,台湾省,710000,29.9435169697
3112,20090710,台湾省,710000,台湾省,710000,30.0747329972
3113,20090711,台湾省,710000,台湾省,710000,30.0732197762
3114,20090712,台湾省,710000,台湾省,710000,30.1885974841
3115,20090713,台湾省,710000,台湾省,710000,27.7070466822
3116,20090714,台湾省,710000,台湾省,710000,28.1630835967
3117,20090715,台湾省,710000,台湾省,710000,29.5311786045
3118,20090716,台湾省,710000,台湾省,710000,30.1542844339
3119,20090717,台湾省,710000,台湾省,710000,29.9461582357
3120,20090718,台湾省,710000,台湾省,710000,29.4224555926
3121,20090719,台湾省,710000,台湾省,710000,29.2535333417
3122,20090720,台湾省,710000,台湾省,710000,29.6848260706
3123,20090721,台湾省,710000,台湾省,710000,29.8594838056
3124,20090722,台湾省,710000,台湾省,710000,29.9660803405
3125,20090723,台湾省,710000,台湾省,710000,29.9771925753
3126,20090724,台湾省,710000,台湾省,710000,29.2895154953
3127,20090725,台湾省,710000,台湾省,710000,28.6360486204
3128,20090726,台湾省,710000,台湾省,710000,28.788735238
3129,20090727,台湾省,710000,台湾省,710000,29.5827862783
3130,20090728,台湾省,710000,台湾省,710000,29.6628535661
3131,20090729,台湾省,710000,台湾省,710000,30.0955989794
3132,20090730,台湾省,710000,台湾省,710000,30.1367827329
3133,20090731,台湾省,710000,台湾省,710000,30.3896848939
3134,20090801,台湾省,710000,台湾省,710000,30.8163956946
3135,20090802,台湾省,710000,台湾省,710000,31.3897914236
3136,20090803,台湾省,710000,台湾省,710000,29.0097671205
3137,20090804,台湾省,710000,台湾省,710000,29.0502961549
3138,20090805,台湾省,710000,台湾省,710000,28.8922359727
3139,20090806,台湾省,710000,台湾省,710000,28.3673094836
3140,20090807,台湾省,710000,台湾省,710000,27.3209583326
3141,20090808,台湾省,710000,台湾省,710000,26.8838375265
3142,20090809,台湾省,710000,台湾省,710000,26.8599047661
3143,20090810,台湾省,710000,台湾省,710000,27.9004050385
3144,20090811,台湾省,710000,台湾省,710000,28.9529833794
3145,20090812,台湾省,710000,台湾省,710000,28.2298771685
3146,20090813,台湾省,710000,台湾省,710000,28.7913981784
3147,20090814,台湾省,710000,台湾省,710000,29.318243872
3148,20090815,台湾省,710000,台湾省,710000,29.2831784812
3149,20090816,台湾省,710000,台湾省,710000,28.8263697841
3150,20090817,台湾省,710000,台湾省,710000,29.3612957001
3151,20090818,台湾省,710000,台湾省,710000,29.152076266
3152,20090819,台湾省,710000,台湾省,710000,29.3981215737
3153,20090820,台湾省,710000,台湾省,710000,29.6721232154
3154,20090821,台湾省,710000,台湾省,710000,29.4792864539
3155,20090822,台湾省,710000,台湾省,710000,29.830816464
3156,20090823,台湾省,710000,台湾省,710000,29.7370863178
3157,20090824,台湾省,710000,台湾省,710000,30.0922482664
3158,20090825,台湾省,710000,台湾省,710000,30.2479425994
3159,20090826,台湾省,710000,台湾省,710000,29.9435573708
3160,20090827,台湾省,710000,台湾省,710000,30.0716491613
3161,20090828,台湾省,710000,台湾省,710000,30.3017333638
3162,20090829,台湾省,710000,台湾省,710000,30.0045676665
3163,20090830,台湾省,710000,台湾省,710000,29.4519388242
3164,20090831,台湾省,710000,台湾省,710000,29.8259902
3165,20090901,台湾省,710000,台湾省,710000,29.9695573503
3166,20090902,台湾省,710000,台湾省,710000,29.4177256931
3167,20090903,台湾省,710000,台湾省,710000,29.7048650872
3168,20090904,台湾省,710000,台湾省,710000,29.4223945791
3169,20090905,台湾省,710000,台湾省,710000,29.3236805959
3170,20090906,台湾省,710000,台湾省,710000,29.0203957991
3171,20090907,台湾省,710000,台湾省,710000,29.3640563921
3172,20090908,台湾省,710000,台湾省,710000,29.2164273479
3173,20090909,台湾省,710000,台湾省,710000,28.8940954425
3174,20090910,台湾省,710000,台湾省,710000,28.8863347877
3175,20090911,台湾省,710000,台湾省,710000,29.6899463047
3176,20090912,台湾省,710000,台湾省,710000,30.547932148
3177,20090913,台湾省,710000,台湾省,710000,29.1433543509
3178,20090914,台湾省,710000,台湾省,710000,29.7598713095
3179,20090915,台湾省,710000,台湾省,710000,29.2959573486
3180,20090916,台湾省,710000,台湾省,710000,29.5800218582
3181,20090917,台湾省,710000,台湾省,710000,29.7356288433
3182,20090918,台湾省,710000,台湾省,710000,29.5252844637
3183,20090919,台湾省,710000,台湾省,710000,28.4946905266
3184,20090920,台湾省,710000,台湾省,710000,28.5124273517
3185,20090921,台湾省,710000,台湾省,710000,29.0259074515
3186,20090922,台湾省,710000,台湾省,710000,29.3772102269
3187,20090923,台湾省,710000,台湾省,710000,29.0816563476
3188,20090924,台湾省,710000,台湾省,710000,28.6232958273
3189,20090925,台湾省,710000,台湾省,710000,28.7638655142
3190,20090926,台湾省,710000,台湾省,710000,29.3482744477
3191,20090927,台湾省,710000,台湾省,710000,27.5890575539
3192,20090928,台湾省,710000,台湾省,710000,27.6137643294
3193,20090929,台湾省,710000,台湾省,710000,27.8547830582
3194,20090930,台湾省,710000,台湾省,710000,27.2691729936
3195,20091001,台湾省,710000,台湾省,710000,27.9604366476
3196,20091002,台湾省,710000,台湾省,710000,27.9826159694
3197,20091003,台湾省,710000,台湾省,710000,27.04674905
3198,20091004,台湾省,710000,台湾省,710000,26.1038186117
3199,20091005,台湾省,710000,台湾省,710000,25.0561972098
3200,20091006,台湾省,710000,台湾省,710000,25.1605684107
3201,20091007,台湾省,710000,台湾省,710000,25.0913075317
3202,20091008,台湾省,710000,台湾省,710000,25.53849372
3203,20091009,台湾省,710000,台湾省,710000,25.6357822635
3204,20091010,台湾省,710000,台湾省,710000,25.5966036753
3205,20091011,台湾省,710000,台湾省,710000,25.7899335948
3206,20091012,台湾省,710000,台湾省,710000,26.4145109437
3207,20091013,台湾省,710000,台湾省,710000,26.1320293383
3208,20091014,台湾省,710000,台湾省,710000,25.45108793
3209,20091015,台湾省,710000,台湾省,710000,25.2400887446
3210,20091016,台湾省,710000,台湾省,710000,25.9679015116
3211,20091017,台湾省,710000,台湾省,710000,25.8791549423
3212,20091018,台湾省,710000,台湾省,710000,25.8308769356
3213,20091019,台湾省,710000,台湾省,710000,25.8435082002
3214,20091020,台湾省,710000,台湾省,710000,24.7445756956
3215,20091021,台湾省,710000,台湾省,710000,24.989779364
3216,20091022,台湾省,710000,台湾省,710000,24.8555313674
3217,20091023,台湾省,710000,台湾省,710000,24.5225273696
3218,20091024,台湾省,710000,台湾省,710000,24.4080542001
3219,20091025,台湾省,710000,台湾省,710000,24.2611655755
3220,20091026,台湾省,710000,台湾省,710000,23.6487371271
3221,20091027,台湾省,710000,台湾省,710000,24.1809858626
3222,20091028,台湾省,710000,台湾省,710000,24.995704044
3223,20091029,台湾省,710000,台湾省,710000,25.2238976088
3224,20091030,台湾省,710000,台湾省,710000,25.115970785
3225,20091031,台湾省,710000,台湾省,710000,26.1657579162
3226,20091101,台湾省,710000,台湾省,710000,24.6979778897
3227,20091102,台湾省,710000,台湾省,710000,20.8212161281
3228,20091103,台湾省,710000,台湾省,710000,20.7386644103
3229,20091104,台湾省,710000,台湾省,710000,23.5101995685
3230,20091105,台湾省,710000,台湾省,710000,24.8917583119
3231,20091106,台湾省,710000,台湾省,710000,25.126324632
3232,20091107,台湾省,710000,台湾省,710000,25.617698366
3233,20091108,台湾省,710000,台湾省,710000,25.8176545447
3234,20091109,台湾省,710000,台湾省,710000,25.7024193244
3235,20091110,台湾省,710000,台湾省,710000,24.8252120451
3236,20091111,台湾省,710000,台湾省,710000,23.6106528802
3237,20091112,台湾省,710000,台湾省,710000,24.2923784039
3238,20091113,台湾省,710000,台湾省,710000,21.0732773651
3239,20091114,台湾省,710000,台湾省,710000,20.1113864509
3240,20091115,台湾省,710000,台湾省,710000,22.3154056939
3241,20091116,台湾省,710000,台湾省,710000,22.7133354707
3242,20091117,台湾省,710000,台湾省,710000,18.9781003757
3243,20091118,台湾省,710000,台湾省,710000,17.249895085
3244,20091119,台湾省,710000,台湾省,710000,18.402752226
3245,20091120,台湾省,710000,台湾省,710000,19.6356602582
3246,20091121,台湾省,710000,台湾省,710000,19.7041941556
3247,20091122,台湾省,710000,台湾省,710000,20.4192398461
3248,20091123,台湾省,710000,台湾省,710000,22.2540926283
3249,20091124,台湾省,710000,台湾省,710000,22.3922608982
3250,20091125,台湾省,710000,台湾省,710000,23.1002409025
3251,20091126,台湾省,710000,台湾省,710000,22.9277739091
3252,20091127,台湾省,710000,台湾省,710000,22.8266462196
3253,20091128,台湾省,710000,台湾省,710000,21.4100799777
3254,20091129,台湾省,710000,台湾省,710000,21.1043329889
3255,20091130,台湾省,710000,台湾省,710000,19.8961484649
3256,20091201,台湾省,710000,台湾省,710000,18.6496940743
3257,20091202,台湾省,710000,台湾省,710000,20.1169788837
3258,20091203,台湾省,710000,台湾省,710000,16.9782012809
3259,20091204,台湾省,710000,台湾省,710000,18.2337745103
3260,20091205,台湾省,710000,台湾省,710000,18.3345033255
3261,20091206,台湾省,710000,台湾省,710000,19.7484903552
3262,20091207,台湾省,710000,台湾省,710000,21.0042297407
3263,20091208,台湾省,710000,台湾省,710000,21.4670049711
3264,20091209,台湾省,710000,台湾省,710000,21.5588708574
3265,20091210,台湾省,710000,台湾省,710000,21.7416535941
3266,20091211,台湾省,710000,台湾省,710000,21.9815073664
3267,20091212,台湾省,710000,台湾省,710000,21.4713278684
3268,20091213,台湾省,710000,台湾省,710000,22.1137425466
3269,20091214,台湾省,710000,台湾省,710000,21.0439412377
3270,20091215,台湾省,710000,台湾省,710000,20.5624698942
3271,20091216,台湾省,710000,台湾省,710000,17.4991585016
3272,20091217,台湾省,710000,台湾省,710000,15.7372102087
3273,20091218,台湾省,710000,台湾省,710000,14.1810031804
3274,20091219,台湾省,710000,台湾省,710000,13.3542314334
3275,20091220,台湾省,710000,台湾省,710000,13.8471798463
3276,20091221,台湾省,710000,台湾省,710000,14.2286324501
3277,20091222,台湾省,710000,台湾省,710000,17.1765483076
3278,20091223,台湾省,710000,台湾省,710000,18.9843639027
3279,20091224,台湾省,710000,台湾省,710000,20.5276203156
3280,20091225,台湾省,710000,台湾省,710000,19.0831107877
3281,20091226,台湾省,710000,台湾省,710000,17.2768129544
3282,20091227,台湾省,710000,台湾省,710000,17.4940132119
3283,20091228,台湾省,710000,台湾省,710000,14.3867767724
3284,20091229,台湾省,710000,台湾省,710000,17.674325412
3285,20091230,台湾省,710000,台湾省,710000,17.2869714065
3286,20091231,台湾省,710000,台湾省,710000,15.056600148
3287,20100101,台湾省,710000,台湾省,710000,17.9696090005
3288,20100102,台湾省,710000,台湾省,710000,18.4144007401
3289,20100103,台湾省,710000,台湾省,710000,17.4117049304
3290,20100104,台湾省,710000,台湾省,710000,18.7807619788
3291,20100105,台湾省,710000,台湾省,710000,16.9090297222
3292,20100106,台湾省,710000,台湾省,710000,16.2531602816
3293,20100107,台湾省,710000,台湾省,710000,16.1140461076
3294,20100108,台湾省,710000,台湾省,710000,15.273309751
3295,20100109,台湾省,710000,台湾省,710000,18.107731364
3296,20100110,台湾省,710000,台湾省,710000,18.7909759825
3297,20100111,台湾省,710000,台湾省,710000,17.3473890044
3298,20100112,台湾省,710000,台湾省,710000,11.881681258
3299,20100113,台湾省,710000,台湾省,710000,13.1979076971
3300,20100114,台湾省,710000,台湾省,710000,14.8107561307
3301,20100115,台湾省,710000,台湾省,710000,16.9290705377
3302,20100116,台湾省,710000,台湾省,710000,17.3550493284
3303,20100117,台湾省,710000,台湾省,710000,17.7861900546
3304,20100118,台湾省,710000,台湾省,710000,19.5800122998
3305,20100119,台湾省,710000,台湾省,710000,20.646997972
3306,20100120,台湾省,710000,台湾省,710000,22.4574115927
3307,20100121,台湾省,710000,台湾省,710000,20.6846413612
3308,20100122,台湾省,710000,台湾省,710000,17.1222897335
3309,20100123,台湾省,710000,台湾省,710000,17.0413888151
3310,20100124,台湾省,710000,台湾省,710000,19.3307525028
3311,20100125,台湾省,710000,台湾省,710000,18.5023094199
3312,20100126,台湾省,710000,台湾省,710000,17.6032989892
3313,20100127,台湾省,710000,台湾省,710000,20.5600288781
3314,20100128,台湾省,710000,台湾省,710000,20.8535988981
3315,20100129,台湾省,710000,台湾省,710000,20.3669365103
3316,20100130,台湾省,710000,台湾省,710000,20.2587393847
3317,20100131,台湾省,710000,台湾省,710000,22.3587844805
3318,20100201,台湾省,710000,台湾省,710000,20.4063998786
3319,20100202,台湾省,710000,台湾省,710000,19.2943074486
3320,20100203,台湾省,710000,台湾省,710000,18.9441208189
3321,20100204,台湾省,710000,台湾省,710000,19.0220012015
3322,20100205,台湾省,710000,台湾省,710000,19.3500371846
3323,20100206,台湾省,710000,台湾省,710000,19.5838873603
3324,20100207,台湾省,710000,台湾省,710000,20.0497444543
3325,20100208,台湾省,710000,台湾省,710000,21.4255604961
3326,20100209,台湾省,710000,台湾省,710000,22.5028258237
3327,20100210,台湾省,710000,台湾省,710000,23.7853243351
3328,20100211,台湾省,710000,台湾省,710000,23.4514556148
3329,20100212,台湾省,710000,台湾省,710000,14.9709131284
3330,20100213,台湾省,710000,台湾省,710000,15.7284825607
3331,20100214,台湾省,710000,台湾省,710000,19.2549283504
3332,20100215,台湾省,710000,台湾省,710000,16.7438242544
3333,20100216,台湾省,710000,台湾省,710000,13.9317441528
3334,20100217,台湾省,710000,台湾省,710000,13.9115162329
3335,20100218,台湾省,710000,台湾省,710000,12.4910725464
3336,20100219,台湾省,710000,台湾省,710000,12.4649160992
3337,20100220,台湾省,710000,台湾省,710000,16.3126360286
3338,20100221,台湾省,710000,台湾省,710000,17.9951337901
3339,20100222,台湾省,710000,台湾省,710000,18.0540359887
3340,20100223,台湾省,710000,台湾省,710000,20.228604165
3341,20100224,台湾省,710000,台湾省,710000,22.4145393155
3342,20100225,台湾省,710000,台湾省,710000,24.1462474953
3343,20100226,台湾省,710000,台湾省,710000,25.1343633695
3344,20100227,台湾省,710000,台湾省,710000,23.6302856965
3345,20100228,台湾省,710000,台湾省,710000,24.101948478
3346,20100301,台湾省,710000,台湾省,710000,24.9945491877
3347,20100302,台湾省,710000,台湾省,710000,23.1782169992
3348,20100303,台湾省,710000,台湾省,710000,23.1577371034
3349,20100304,台湾省,710000,台湾省,710000,24.676155047
3350,20100305,台湾省,710000,台湾省,710000,24.5766019171
3351,20100306,台湾省,710000,台湾省,710000,23.6291309053
3352,20100307,台湾省,710000,台湾省,710000,18.8951213251
3353,20100308,台湾省,710000,台湾省,710000,19.4334781495
3354,20100309,台湾省,710000,台湾省,710000,13.5154947151
3355,20100310,台湾省,710000,台湾省,710000,11.9497478333
3356,20100311,台湾省,710000,台湾省,710000,17.4877930338
3357,20100312,台湾省,710000,台湾省,710000,20.8406845006
3358,20100313,台湾省,710000,台湾省,710000,22.476332101
3359,20100314,台湾省,710000,台湾省,710000,25.3303921439
3360,20100315,台湾省,710000,台湾省,710000,23.9435511286
3361,20100316,台湾省,710000,台湾省,710000,18.2115443728
3362,20100317,台湾省,710000,台湾省,710000,20.0774545236
3363,20100318,台湾省,710000,台湾省,710000,21.6198026917
3364,20100319,台湾省,710000,台湾省,710000,23.2604372285
3365,20100320,台湾省,710000,台湾省,710000,25.1158283624
3366,20100321,台湾省,710000,台湾省,710000,23.2823625911
3367,20100322,台湾省,710000,台湾省,710000,24.2440236482
3368,20100323,台湾省,710000,台湾省,710000,25.7946937084
3369,20100324,台湾省,710000,台湾省,710000,23.4797013023
3370,20100325,台湾省,710000,台湾省,710000,16.4370507652
3371,20100326,台湾省,710000,台湾省,710000,16.6063177152
3372,20100327,台湾省,710000,台湾省,710000,19.722666502
3373,20100328,台湾省,710000,台湾省,710000,19.2537384033
3374,20100329,台湾省,710000,台湾省,710000,21.3486323573
3375,20100330,台湾省,710000,台湾省,710000,21.9839357463
3376,20100331,台湾省,710000,台湾省,710000,23.0922085155
3377,20100401,台湾省,710000,台湾省,710000,24.6372638182
3378,20100402,台湾省,710000,台湾省,710000,19.7592332038
3379,20100403,台湾省,710000,台湾省,710000,20.3937006213
3380,20100404,台湾省,710000,台湾省,710000,21.4050302505
3381,20100405,台湾省,710000,台湾省,710000,22.69915338
3382,20100406,台湾省,710000,台湾省,710000,22.5507586002
3383,20100407,台湾省,710000,台湾省,710000,19.3789212704
3384,20100408,台湾省,710000,台湾省,710000,18.9479328719
3385,20100409,台湾省,710000,台湾省,710000,20.7536375306
3386,20100410,台湾省,710000,台湾省,710000,23.4834057635
3387,20100411,台湾省,710000,台湾省,710000,24.7854921384
3388,20100412,台湾省,710000,台湾省,710000,26.3205936822
3389,20100413,台湾省,710000,台湾省,710000,22.0471251011
3390,20100414,台湾省,710000,台湾省,710000,21.5212259726
3391,20100415,台湾省,710000,台湾省,710000,17.6118330197
3392,20100416,台湾省,710000,台湾省,710000,19.1601233916
3393,20100417,台湾省,710000,台湾省,710000,22.0839548978
3394,20100418,台湾省,710000,台湾省,710000,23.0129024549
3395,20100419,台湾省,710000,台湾省,710000,25.8617520116
3396,20100420,台湾省,710000,台湾省,710000,26.0792178457
3397,20100421,台湾省,710000,台湾省,710000,27.1490374262
3398,20100422,台湾省,710000,台湾省,710000,25.8287838589
3399,20100423,台湾省,710000,台湾省,710000,18.7128507441
3400,20100424,台湾省,710000,台湾省,710000,19.5779486786
3401,20100425,台湾省,710000,台湾省,710000,22.9576522654
3402,20100426,台湾省,710000,台湾省,710000,23.689577211
3403,20100427,台湾省,710000,台湾省,710000,22.4080561508
3404,20100428,台湾省,710000,台湾省,710000,22.271340782
3405,20100429,台湾省,710000,台湾省,710000,22.7331794392
3406,20100430,台湾省,710000,台湾省,710000,22.6584863663
3407,20100501,台湾省,710000,台湾省,710000,24.664667628
3408,20100502,台湾省,710000,台湾省,710000,23.5119945786
3409,20100503,台湾省,710000,台湾省,710000,25.3070993207
3410,20100504,台湾省,710000,台湾省,710000,26.0624106147
3411,20100505,台湾省,710000,台湾省,710000,27.3762123368
3412,20100506,台湾省,710000,台湾省,710000,26.6732173833
3413,20100507,台湾省,710000,台湾省,710000,25.2976880074
3414,20100508,台湾省,710000,台湾省,710000,25.7436173396
3415,20100509,台湾省,710000,台湾省,710000,26.7446456389
3416,20100510,台湾省,710000,台湾省,710000,24.4840149446
3417,20100511,台湾省,710000,台湾省,710000,24.4416270039
3418,20100512,台湾省,710000,台湾省,710000,25.4410114072
3419,20100513,台湾省,710000,台湾省,710000,26.0305324684
3420,20100514,台湾省,710000,台湾省,710000,25.2112251845
3421,20100515,台湾省,710000,台湾省,710000,25.061777375
3422,20100516,台湾省,710000,台湾省,710000,26.1880214214
3423,20100517,台湾省,710000,台湾省,710000,27.1973714178
3424,20100518,台湾省,710000,台湾省,710000,28.2964858792
3425,20100519,台湾省,710000,台湾省,710000,28.3573381034
3426,20100520,台湾省,710000,台湾省,710000,27.9239369956
3427,20100521,台湾省,710000,台湾省,710000,28.7124653079
3428,20100522,台湾省,710000,台湾省,710000,29.598351652
3429,20100523,台湾省,710000,台湾省,710000,25.3856440457
3430,20100524,台湾省,710000,台湾省,710000,25.6424583522
3431,20100525,台湾省,710000,台湾省,710000,27.4719291167
3432,20100526,台湾省,710000,台湾省,710000,28.0514768687
3433,20100527,台湾省,710000,台湾省,710000,27.158188343
3434,20100528,台湾省,710000,台湾省,710000,26.9460735104
3435,20100529,台湾省,710000,台湾省,710000,25.2635201324
3436,20100530,台湾省,710000,台湾省,710000,23.5896997885
3437,20100531,台湾省,710000,台湾省,710000,24.9522163434
3438,20100601,台湾省,710000,台湾省,710000,25.4774996801
3439,20100602,台湾省,710000,台湾省,710000,23.2813751698
3440,20100603,台湾省,710000,台湾省,710000,23.4081448858
3441,20100604,台湾省,710000,台湾省,710000,24.5108754852
3442,20100605,台湾省,710000,台湾省,710000,24.1962677132
3443,20100606,台湾省,710000,台湾省,710000,25.1337922486
3444,20100607,台湾省,710000,台湾省,710000,25.8161712993
3445,20100608,台湾省,710000,台湾省,710000,26.5067755743
3446,20100609,台湾省,710000,台湾省,710000,27.5221443176
3447,20100610,台湾省,710000,台湾省,710000,26.7907136354
3448,20100611,台湾省,710000,台湾省,710000,25.4450628107
3449,20100612,台湾省,710000,台湾省,710000,25.4071898677
3450,20100613,台湾省,710000,台湾省,710000,25.3155188777
3451,20100614,台湾省,710000,台湾省,710000,26.4728814689
3452,20100615,台湾省,710000,台湾省,710000,27.1300184727
3453,20100616,台湾省,710000,台湾省,710000,28.5036642118
3454,20100617,台湾省,710000,台湾省,710000,29.3580392924
3455,20100618,台湾省,710000,台湾省,710000,29.6061685952
3456,20100619,台湾省,710000,台湾省,710000,29.5706124956
3457,20100620,台湾省,710000,台湾省,710000,29.6496834755
3458,20100621,台湾省,710000,台湾省,710000,28.3617425832
3459,20100622,台湾省,710000,台湾省,710000,28.9031538747
3460,20100623,台湾省,710000,台湾省,710000,28.127143383
3461,20100624,台湾省,710000,台湾省,710000,27.5532352924
3462,20100625,台湾省,710000,台湾省,710000,26.7931331071
3463,20100626,台湾省,710000,台湾省,710000,28.5523551594
3464,20100627,台湾省,710000,台湾省,710000,28.9432439804
3465,20100628,台湾省,710000,台湾省,710000,29.1605260589
3466,20100629,台湾省,710000,台湾省,710000,29.2870010029
3467,20100630,台湾省,710000,台湾省,710000,30.024531191
3468,20100701,台湾省,710000,台湾省,710000,30.3262089599
3469,20100702,台湾省,710000,台湾省,710000,30.6392789321
3470,20100703,台湾省,710000,台湾省,710000,31.2358263623
3471,20100704,台湾省,710000,台湾省,710000,30.8239180608
3472,20100705,台湾省,710000,台湾省,710000,30.8432132114
3473,20100706,台湾省,710000,台湾省,710000,30.8543345928
3474,20100707,台湾省,710000,台湾省,710000,30.598828229
3475,20100708,台湾省,710000,台湾省,710000,30.1809654669
3476,20100709,台湾省,710000,台湾省,710000,30.182313724
3477,20100710,台湾省,710000,台湾省,710000,30.3661663966
3478,20100711,台湾省,710000,台湾省,710000,30.6271316138
3479,20100712,台湾省,710000,台湾省,710000,29.6765426289
3480,20100713,台湾省,710000,台湾省,710000,29.1143905466
3481,20100714,台湾省,710000,台湾省,710000,29.1801628199
3482,20100715,台湾省,710000,台湾省,710000,28.9767378244
3483,20100716,台湾省,710000,台湾省,710000,29.547327215
3484,20100717,台湾省,710000,台湾省,710000,29.4637367075
3485,20100718,台湾省,710000,台湾省,710000,30.1375114484
3486,20100719,台湾省,710000,台湾省,710000,29.7005162889
3487,20100720,台湾省,710000,台湾省,710000,30.0835680311
3488,20100721,台湾省,710000,台湾省,710000,28.9416600357
3489,20100722,台湾省,710000,台湾省,710000,29.0463347002
3490,20100723,台湾省,710000,台湾省,710000,28.9485594359
3491,20100724,台湾省,710000,台湾省,710000,27.9094480818
3492,20100725,台湾省,710000,台湾省,710000,28.2710867795
3493,20100726,台湾省,710000,台湾省,710000,27.4899964766
3494,20100727,台湾省,710000,台湾省,710000,26.0542135022
3495,20100728,台湾省,710000,台湾省,710000,26.6397485083
3496,20100729,台湾省,710000,台湾省,710000,28.2676751614
3497,20100730,台湾省,710000,台湾省,710000,27.9956310229
3498,20100731,台湾省,710000,台湾省,710000,29.6249968139
3499,20100801,台湾省,710000,台湾省,710000,29.9680229967
3500,20100802,台湾省,710000,台湾省,710000,30.2544634559
3501,20100803,台湾省,710000,台湾省,710000,30.1139991717
3502,20100804,台湾省,710000,台湾省,710000,30.415137291
3503,20100805,台湾省,710000,台湾省,710000,29.5935117115
3504,20100806,台湾省,710000,台湾省,710000,29.5312720646
3505,20100807,台湾省,710000,台湾省,710000,29.768449935
3506,20100808,台湾省,710000,台湾省,710000,29.6013958237
3507,20100809,台湾省,710000,台湾省,710000,30.0114192529
3508,20100810,台湾省,710000,台湾省,710000,29.8783512549
3509,20100811,台湾省,710000,台湾省,710000,29.5785421458
3510,20100812,台湾省,710000,台湾省,710000,29.1809719476
3511,20100813,台湾省,710000,台湾省,710000,30.3430342024
3512,20100814,台湾省,710000,台湾省,710000,29.4288059148
3513,20100815,台湾省,710000,台湾省,710000,28.851045977
3514,20100816,台湾省,710000,台湾省,710000,28.697079095
3515,20100817,台湾省,710000,台湾省,710000,28.9986139428
3516,20100818,台湾省,710000,台湾省,710000,29.1021725048
3517,20100819,台湾省,710000,台湾省,710000,29.8168069233
3518,20100820,台湾省,710000,台湾省,710000,29.9057993022
3519,20100821,台湾省,710000,台湾省,710000,30.1753614166
3520,20100822,台湾省,710000,台湾省,710000,29.3055728349
3521,20100823,台湾省,710000,台湾省,710000,28.97210611
3522,20100824,台湾省,710000,台湾省,710000,29.003732031
3523,20100825,台湾省,710000,台湾省,710000,28.2882347757
3524,20100826,台湾省,710000,台湾省,710000,29.1352078481
3525,20100827,台湾省,710000,台湾省,710000,29.266546011
3526,20100828,台湾省,710000,台湾省,710000,29.0400062908
3527,20100829,台湾省,710000,台湾省,710000,27.8618392944
3528,20100830,台湾省,710000,台湾省,710000,27.8972357403
3529,20100831,台湾省,710000,台湾省,710000,26.968711658
3530,20100901,台湾省,710000,台湾省,710000,27.1216491569
3531,20100902,台湾省,710000,台湾省,710000,27.7892488566
3532,20100903,台湾省,710000,台湾省,710000,29.3456661484
3533,20100904,台湾省,710000,台湾省,710000,28.1815589991
3534,20100905,台湾省,710000,台湾省,710000,28.3916508068
3535,20100906,台湾省,710000,台湾省,710000,28.7924913276
3536,20100907,台湾省,710000,台湾省,710000,28.8178288286
3537,20100908,台湾省,710000,台湾省,710000,28.7176226269
3538,20100909,台湾省,710000,台湾省,710000,26.7333258282
3539,20100910,台湾省,710000,台湾省,710000,28.2646558068
3540,20100911,台湾省,710000,台湾省,710000,28.3480974978
3541,20100912,台湾省,710000,台湾省,710000,28.2127910311
3542,20100913,台湾省,710000,台湾省,710000,29.1225733757
3543,20100914,台湾省,710000,台湾省,710000,27.9675618735
3544,20100915,台湾省,710000,台湾省,710000,29.0318638845
3545,20100916,台湾省,710000,台湾省,710000,29.1950664954
3546,20100917,台湾省,710000,台湾省,710000,28.6167694222
3547,20100918,台湾省,710000,台湾省,710000,28.5449187972
3548,20100919,台湾省,710000,台湾省,710000,26.8860384117
3549,20100920,台湾省,710000,台湾省,710000,26.6783493866
3550,20100921,台湾省,710000,台湾省,710000,28.6179373481
3551,20100922,台湾省,710000,台湾省,710000,28.7651769031
3552,20100923,台湾省,710000,台湾省,710000,27.8915417628
3553,20100924,台湾省,710000,台湾省,710000,26.5619960048
3554,20100925,台湾省,710000,台湾省,710000,27.2301518917
3555,20100926,台湾省,710000,台湾省,710000,28.2180147821
3556,20100927,台湾省,710000,台湾省,710000,28.4227282567
3557,20100928,台湾省,710000,台湾省,710000,28.1750087088
3558,20100929,台湾省,710000,台湾省,710000,27.7987419692
3559,20100930,台湾省,710000,台湾省,710000,27.8091546622
3560,20101001,台湾省,710000,台湾省,710000,28.3170571327
3561,20101002,台湾省,710000,台湾省,710000,28.8140063936
3562,20101003,台湾省,710000,台湾省,710000,27.409527952
3563,20101004,台湾省,710000,台湾省,710000,25.6146543676
3564,20101005,台湾省,710000,台湾省,710000,25.5599953695
3565,20101006,台湾省,710000,台湾省,710000,25.4553744359
3566,20101007,台湾省,710000,台湾省,710000,26.5157348893
3567,20101008,台湾省,710000,台湾省,710000,25.3747462793
3568,20101009,台湾省,710000,台湾省,710000,26.2268638177
3569,20101010,台湾省,710000,台湾省,710000,27.1421875303
3570,20101011,台湾省,710000,台湾省,710000,27.9428691214
3571,20101012,台湾省,710000,台湾省,710000,28.1043274836
3572,20101013,台湾省,710000,台湾省,710000,28.1178771583
3573,20101014,台湾省,710000,台湾省,710000,27.6464467699
3574,20101015,台湾省,710000,台湾省,710000,25.7109964111
3575,20101016,台湾省,710000,台湾省,710000,26.4253846082
3576,20101017,台湾省,710000,台湾省,710000,26.6734827865
3577,20101018,台湾省,710000,台湾省,710000,25.8997611783
3578,20101019,台湾省,710000,台湾省,710000,26.3482941281
3579,20101020,台湾省,710000,台湾省,710000,26.2680723234
3580,20101021,台湾省,710000,台湾省,710000,24.3703763918
3581,20101022,台湾省,710000,台湾省,710000,25.6799828139
3582,20101023,台湾省,710000,台湾省,710000,26.6741101959
3583,20101024,台湾省,710000,台湾省,710000,26.3713361133
3584,20101025,台湾省,710000,台湾省,710000,25.5464324518
3585,20101026,台湾省,710000,台湾省,710000,21.4166619561
3586,20101027,台湾省,710000,台湾省,710000,19.8213562749
3587,20101028,台湾省,710000,台湾省,710000,19.8614213033
3588,20101029,台湾省,710000,台湾省,710000,20.1597711823
3589,20101030,台湾省,710000,台湾省,710000,20.7628620971
3590,20101031,台湾省,710000,台湾省,710000,21.3342826583
3591,20101101,台湾省,710000,台湾省,710000,21.9860117435
3592,20101102,台湾省,710000,台湾省,710000,22.5209679387
3593,20101103,台湾省,710000,台湾省,710000,22.2850891027
3594,20101104,台湾省,710000,台湾省,710000,21.5683887222
3595,20101105,台湾省,710000,台湾省,710000,22.1965370828
3596,20101106,台湾省,710000,台湾省,710000,23.1837880395
3597,20101107,台湾省,710000,台湾省,710000,23.8237591223
3598,20101108,台湾省,710000,台湾省,710000,22.7059826201
3599,20101109,台湾省,710000,台湾省,710000,20.9806400429
3600,20101110,台湾省,710000,台湾省,710000,21.3178507631
3601,20101111,台湾省,710000,台湾省,710000,22.4675546993
3602,20101112,台湾省,710000,台湾省,710000,22.7401870164
3603,20101113,台湾省,710000,台湾省,710000,21.1952726407
3604,20101114,台湾省,710000,台湾省,710000,23.1565054763
3605,20101115,台湾省,710000,台湾省,710000,21.7139412923
3606,20101116,台湾省,710000,台湾省,710000,21.4503062638
3607,20101117,台湾省,710000,台湾省,710000,21.6333648075
3608,20101118,台湾省,710000,台湾省,710000,22.4768304391
3609,20101119,台湾省,710000,台湾省,710000,21.9893245264
3610,20101120,台湾省,710000,台湾省,710000,22.647000768
3611,20101121,台湾省,710000,台湾省,710000,23.3997582739
3612,20101122,台湾省,710000,台湾省,710000,22.1909089522
3613,20101123,台湾省,710000,台湾省,710000,20.4986432249
3614,20101124,台湾省,710000,台湾省,710000,21.3831781908
3615,20101125,台湾省,710000,台湾省,710000,20.0971480716
3616,20101126,台湾省,710000,台湾省,710000,20.0857330452
3617,20101127,台湾省,710000,台湾省,710000,21.4340188937
3618,20101128,台湾省,710000,台湾省,710000,21.8031361537
3619,20101129,台湾省,710000,台湾省,710000,21.4519719644
3620,20101130,台湾省,710000,台湾省,710000,21.8241170103
3621,20101201,台湾省,710000,台湾省,710000,22.6677989309
3622,20101202,台湾省,710000,台湾省,710000,22.1031477885
3623,20101203,台湾省,710000,台湾省,710000,21.0344880711
3624,20101204,台湾省,710000,台湾省,710000,21.9882243113
3625,20101205,台湾省,710000,台湾省,710000,23.0470462062
3626,20101206,台湾省,710000,台湾省,710000,21.8835822235
3627,20101207,台湾省,710000,台湾省,710000,16.6126481186
3628,20101208,台湾省,710000,台湾省,710000,15.3957215548
3629,20101209,台湾省,710000,台湾省,710000,17.2525212331
3630,20101210,台湾省,710000,台湾省,710000,19.3529746099
3631,20101211,台湾省,710000,台湾省,710000,20.4453248544
3632,20101212,台湾省,710000,台湾省,710000,21.4493042339
3633,20101213,台湾省,710000,台湾省,710000,23.6350701939
3634,20101214,台湾省,710000,台湾省,710000,20.9857961048
3635,20101215,台湾省,710000,台湾省,710000,18.1909015829
3636,20101216,台湾省,710000,台湾省,710000,11.6957860535
3637,20101217,台湾省,710000,台湾省,710000,13.1164342707
3638,20101218,台湾省,710000,台湾省,710000,17.3367183859
3639,20101219,台湾省,710000,台湾省,710000,19.1540320353
3640,20101220,台湾省,710000,台湾省,710000,19.7517879009
3641,20101221,台湾省,710000,台湾省,710000,19.9221179919
3642,20101222,台湾省,710000,台湾省,710000,18.7897329981
3643,20101223,台湾省,710000,台湾省,710000,19.8000042872
3644,20101224,台湾省,710000,台湾省,710000,19.8939248865
3645,20101225,台湾省,710000,台湾省,710000,15.9535214034
3646,20101226,台湾省,710000,台湾省,710000,12.3500818448
3647,20101227,台湾省,710000,台湾省,710000,14.8309079951
3648,20101228,台湾省,710000,台湾省,710000,16.9285882928
3649,20101229,台湾省,710000,台湾省,710000,18.9161338806
3650,20101230,台湾省,710000,台湾省,710000,17.3065633232
3651,20101231,台湾省,710000,台湾省,710000,14.0636846802
3652,20110101,台湾省,710000,台湾省,710000,13.4168243408
3653,20110102,台湾省,710000,台湾省,710000,15.6781153896
3654,20110103,台湾省,710000,台湾省,710000,15.0845594081
3655,20110104,台湾省,710000,台湾省,710000,15.4944767302
3656,20110105,台湾省,710000,台湾省,710000,18.3354195681
3657,20110106,台湾省,710000,台湾省,710000,14.2315585397
3658,20110107,台湾省,710000,台湾省,710000,14.0829852169
3659,20110108,台湾省,710000,台湾省,710000,17.2275729288
3660,20110109,台湾省,710000,台湾省,710000,16.0267800201
3661,20110110,台湾省,710000,台湾省,710000,14.644718983
3662,20110111,台湾省,710000,台湾省,710000,12.167043545
3663,20110112,台湾省,710000,台湾省,710000,12.1290301843
3664,20110113,台湾省,710000,台湾省,710000,16.4612347755
3665,20110114,台湾省,710000,台湾省,710000,18.3019548329
3666,20110115,台湾省,710000,台湾省,710000,13.0860442032
3667,20110116,台湾省,710000,台湾省,710000,11.1086829142
3668,20110117,台湾省,710000,台湾省,710000,14.2900182334
3669,20110118,台湾省,710000,台湾省,710000,17.1175455397
3670,20110119,台湾省,710000,台湾省,710000,18.2871783213
3671,20110120,台湾省,710000,台湾省,710000,17.4848459526
3672,20110121,台湾省,710000,台湾省,710000,15.5210478197
3673,20110122,台湾省,710000,台湾省,710000,16.2414908843
3674,20110123,台湾省,710000,台湾省,710000,16.8463474512
3675,20110124,台湾省,710000,台湾省,710000,15.022271308
3676,20110125,台湾省,710000,台湾省,710000,16.5441357114
3677,20110126,台湾省,710000,台湾省,710000,17.1338217258
3678,20110127,台湾省,710000,台湾省,710000,18.0401247198
3679,20110128,台湾省,710000,台湾省,710000,16.2764084448
3680,20110129,台湾省,710000,台湾省,710000,13.2850206874
3681,20110130,台湾省,710000,台湾省,710000,13.3064248128
3682,20110131,台湾省,710000,台湾省,710000,13.6151227518
3683,20110201,台湾省,710000,台湾省,710000,16.3535227559
3684,20110202,台湾省,710000,台湾省,710000,16.2877972234
3685,20110203,台湾省,710000,台湾省,710000,18.0229072137
3686,20110204,台湾省,710000,台湾省,710000,18.3831608512
3687,20110205,台湾省,710000,台湾省,710000,18.5070064068
3688,20110206,台湾省,710000,台湾省,710000,19.0815133615
3689,20110207,台湾省,710000,台湾省,710000,20.55658477
3690,20110208,台湾省,710000,台湾省,710000,20.4762388359
3691,20110209,台湾省,710000,台湾省,710000,20.2552547888
3692,20110210,台湾省,710000,台湾省,710000,18.707258192
3693,20110211,台湾省,710000,台湾省,710000,15.1516098109
3694,20110212,台湾省,710000,台湾省,710000,14.7039579478
3695,20110213,台湾省,710000,台湾省,710000,15.8050752553
3696,20110214,台湾省,710000,台湾省,710000,12.3123976317
3697,20110215,台湾省,710000,台湾省,710000,14.8419814543
3698,20110216,台湾省,710000,台湾省,710000,17.6288849115
3699,20110217,台湾省,710000,台湾省,710000,19.4002733989
3700,20110218,台湾省,710000,台湾省,710000,16.9731360024
3701,20110219,台湾省,710000,台湾省,710000,16.6538586833
3702,20110220,台湾省,710000,台湾省,710000,16.2392498472
3703,20110221,台湾省,710000,台湾省,710000,16.0182876045
3704,20110222,台湾省,710000,台湾省,710000,18.1452619054
3705,20110223,台湾省,710000,台湾省,710000,19.5660825859
3706,20110224,台湾省,710000,台湾省,710000,20.0415637927
3707,20110225,台湾省,710000,台湾省,710000,20.2242555402
3708,20110226,台湾省,710000,台湾省,710000,20.3481815512
3709,20110227,台湾省,710000,台湾省,710000,20.4736647281
3710,20110228,台湾省,710000,台湾省,710000,20.6660151482
3711,20110301,台湾省,710000,台湾省,710000,18.4749765396
3712,20110302,台湾省,710000,台湾省,710000,16.6006727435
3713,20110303,台湾省,710000,台湾省,710000,16.1676645496
3714,20110304,台湾省,710000,台湾省,710000,15.8114607009
3715,20110305,台湾省,710000,台湾省,710000,18.1797353896
3716,20110306,台湾省,710000,台湾省,710000,20.2436252291
3717,20110307,台湾省,710000,台湾省,710000,15.328161879
3718,20110308,台湾省,710000,台湾省,710000,16.3145525455
3719,20110309,台湾省,710000,台湾省,710000,18.6987092712
3720,20110310,台湾省,710000,台湾省,710000,17.4976872639
3721,20110311,台湾省,710000,台湾省,710000,17.7887280746
3722,20110312,台湾省,710000,台湾省,710000,18.8744523308
3723,20110313,台湾省,710000,台湾省,710000,21.1766027321
3724,20110314,台湾省,710000,台湾省,710000,22.5886801806
3725,20110315,台湾省,710000,台湾省,710000,17.2867753506
3726,20110316,台湾省,710000,台湾省,710000,15.3502105691
3727,20110317,台湾省,710000,台湾省,710000,17.9090805487
3728,20110318,台湾省,710000,台湾省,710000,19.2542339455
3729,20110319,台湾省,710000,台湾省,710000,20.7949504202
3730,20110320,台湾省,710000,台湾省,710000,24.5084684979
3731,20110321,台湾省,710000,台湾省,710000,22.9843228297
3732,20110322,台湾省,710000,台湾省,710000,16.8356098804
3733,20110323,台湾省,710000,台湾省,710000,16.4535602223
3734,20110324,台湾省,710000,台湾省,710000,16.7300777002
3735,20110325,台湾省,710000,台湾省,710000,16.6347397349
3736,20110326,台湾省,710000,台湾省,710000,15.3037281036
3737,20110327,台湾省,710000,台湾省,710000,13.7700155973
3738,20110328,台湾省,710000,台湾省,710000,16.4726443399
3739,20110329,台湾省,710000,台湾省,710000,19.2788524628
3740,20110330,台湾省,710000,台湾省,710000,18.6544505033
3741,20110331,台湾省,710000,台湾省,710000,19.5108819008
3742,20110401,台湾省,710000,台湾省,710000,21.6734117595
3743,20110402,台湾省,710000,台湾省,710000,22.3806348064
3744,20110403,台湾省,710000,台湾省,710000,22.3757753372
3745,20110404,台湾省,710000,台湾省,710000,17.3707443584
3746,20110405,台湾省,710000,台湾省,710000,17.6993019689
3747,20110406,台湾省,710000,台湾省,710000,20.698767532
3748,20110407,台湾省,710000,台湾省,710000,22.5244288445
3749,20110408,台湾省,710000,台湾省,710000,22.666548859
3750,20110409,台湾省,710000,台湾省,710000,22.5647910508
3751,20110410,台湾省,710000,台湾省,710000,23.3687544519
3752,20110411,台湾省,710000,台湾省,710000,21.78687152
3753,20110412,台湾省,710000,台湾省,710000,21.7070943442
3754,20110413,台湾省,710000,台湾省,710000,23.2057248029
3755,20110414,台湾省,710000,台湾省,710000,24.1290069493
3756,20110415,台湾省,710000,台湾省,710000,25.7107227282
3757,20110416,台湾省,710000,台湾省,710000,24.2707910754
3758,20110417,台湾省,710000,台湾省,710000,22.0655790459
3759,20110418,台湾省,710000,台湾省,710000,22.2397111112
3760,20110419,台湾省,710000,台湾省,710000,21.1754281521
3761,20110420,台湾省,710000,台湾省,710000,21.913634582
3762,20110421,台湾省,710000,台湾省,710000,23.0654853691
3763,20110422,台湾省,710000,台湾省,710000,23.2136736783
3764,20110423,台湾省,710000,台湾省,710000,21.3815650073
3765,20110424,台湾省,710000,台湾省,710000,23.378145608
3766,20110425,台湾省,710000,台湾省,710000,24.2321168943
3767,20110426,台湾省,710000,台湾省,710000,25.4032495239
3768,20110427,台湾省,710000,台湾省,710000,25.8020481196
3769,20110428,台湾省,710000,台湾省,710000,24.6250745817
3770,20110429,台湾省,710000,台湾省,710000,24.6041087237
3771,20110430,台湾省,710000,台湾省,710000,25.9149025787
3772,20110501,台湾省,710000,台湾省,710000,26.2566748749
3773,20110502,台湾省,710000,台湾省,710000,25.0001016747
3774,20110503,台湾省,710000,台湾省,710000,24.3904850266
3775,20110504,台湾省,710000,台湾省,710000,23.9741116871
3776,20110505,台湾省,710000,台湾省,710000,24.8165379871
3777,20110506,台湾省,710000,台湾省,710000,25.6284614476
3778,20110507,台湾省,710000,台湾省,710000,26.9000841704
3779,20110508,台湾省,710000,台湾省,710000,27.7819823785
3780,20110509,台湾省,710000,台湾省,710000,27.6593663909
3781,20110510,台湾省,710000,台湾省,710000,28.1838716377
3782,20110511,台湾省,710000,台湾省,710000,28.9907954823
3783,20110512,台湾省,710000,台湾省,710000,27.6210935333
3784,20110513,台湾省,710000,台湾省,710000,25.3997714086
3785,20110514,台湾省,710000,台湾省,710000,24.2199176225
3786,20110515,台湾省,710000,台湾省,710000,24.9515587633
3787,20110516,台湾省,710000,台湾省,710000,23.9497782317
3788,20110517,台湾省,710000,台湾省,710000,21.9891736074
3789,20110518,台湾省,710000,台湾省,710000,24.7883327441
3790,20110519,台湾省,710000,台湾省,710000,25.1783010309
3791,20110520,台湾省,710000,台湾省,710000,25.8534183719
3792,20110521,台湾省,710000,台湾省,710000,26.5603238669
3793,20110522,台湾省,710000,台湾省,710000,26.9370046962
3794,20110523,台湾省,710000,台湾省,710000,25.3483026244
3795,20110524,台湾省,710000,台湾省,710000,24.5016301979
3796,20110525,台湾省,710000,台湾省,710000,25.5229497173
3797,20110526,台湾省,710000,台湾省,710000,26.6520688534
3798,20110527,台湾省,710000,台湾省,710000,25.7252735225
3799,20110528,台湾省,710000,台湾省,710000,23.4759274396
3800,20110529,台湾省,710000,台湾省,710000,24.1441009261
3801,20110530,台湾省,710000,台湾省,710000,25.7402651093
3802,20110531,台湾省,710000,台湾省,710000,26.8759682395
3803,20110601,台湾省,710000,台湾省,710000,26.1566318599
3804,20110602,台湾省,710000,台湾省,710000,26.5126839551
3805,20110603,台湾省,710000,台湾省,710000,26.5482191173
3806,20110604,台湾省,710000,台湾省,710000,28.2149880149
3807,20110605,台湾省,710000,台湾省,710000,29.4034600258
3808,20110606,台湾省,710000,台湾省,710000,29.5087254698
3809,20110607,台湾省,710000,台湾省,710000,29.6811322949
3810,20110608,台湾省,710000,台湾省,710000,29.661133376
3811,20110609,台湾省,710000,台湾省,710000,29.7888524099
3812,20110610,台湾省,710000,台湾省,710000,29.0723176653
3813,20110611,台湾省,710000,台湾省,710000,29.1614965526
3814,20110612,台湾省,710000,台湾省,710000,29.454139406
3815,20110613,台湾省,710000,台湾省,710000,29.4808806073
3816,20110614,台湾省,710000,台湾省,710000,29.9008649913
3817,20110615,台湾省,710000,台湾省,710000,30.0877626592
3818,20110616,台湾省,710000,台湾省,710000,29.9483191967
3819,20110617,台湾省,710000,台湾省,710000,29.6009664536
3820,20110618,台湾省,710000,台湾省,710000,29.7958322005
3821,20110619,台湾省,710000,台湾省,710000,29.9899604754
3822,20110620,台湾省,710000,台湾省,710000,29.3872022195
3823,20110621,台湾省,710000,台湾省,710000,27.9108834483
3824,20110622,台湾省,710000,台湾省,710000,28.8130143339
3825,20110623,台湾省,710000,台湾省,710000,30.1371435469
3826,20110624,台湾省,710000,台湾省,710000,28.8610237512
3827,20110625,台湾省,710000,台湾省,710000,27.9050731009
3828,20110626,台湾省,710000,台湾省,710000,28.3841021061
3829,20110627,台湾省,710000,台湾省,710000,27.7040589289
3830,20110628,台湾省,710000,台湾省,710000,25.8969461051
3831,20110629,台湾省,710000,台湾省,710000,27.1954251419
3832,20110630,台湾省,710000,台湾省,710000,28.3997815522
3833,20110701,台湾省,710000,台湾省,710000,28.9182876674
3834,20110702,台湾省,710000,台湾省,710000,29.1734098088
3835,20110703,台湾省,710000,台湾省,710000,29.5289207372
3836,20110704,台湾省,710000,台湾省,710000,29.6527748108
3837,20110705,台湾省,710000,台湾省,710000,29.5024027174
3838,20110706,台湾省,710000,台湾省,710000,29.1794592467
3839,20110707,台湾省,710000,台湾省,710000,29.5680296421
3840,20110708,台湾省,710000,台湾省,710000,30.0000998974
3841,20110709,台湾省,710000,台湾省,710000,29.1646850326
3842,20110710,台湾省,710000,台湾省,710000,28.156457966
3843,20110711,台湾省,710000,台湾省,710000,28.2327493971
3844,20110712,台湾省,710000,台湾省,710000,28.0896325328
3845,20110713,台湾省,710000,台湾省,710000,27.1719507521
3846,20110714,台湾省,710000,台湾省,710000,26.8042922453
3847,20110715,台湾省,710000,台湾省,710000,27.1177660769
3848,20110716,台湾省,710000,台湾省,710000,27.3889452544
3849,20110717,台湾省,710000,台湾省,710000,27.2005669854
3850,20110718,台湾省,710000,台湾省,710000,27.9856516231
3851,20110719,台湾省,710000,台湾省,710000,28.6034637581
3852,20110720,台湾省,710000,台湾省,710000,28.1907391331
3853,20110721,台湾省,710000,台湾省,710000,28.7049516114
3854,20110722,台湾省,710000,台湾省,710000,29.5717623234
3855,20110723,台湾省,710000,台湾省,710000,29.9869515246
3856,20110724,台湾省,710000,台湾省,710000,29.8070440292
3857,20110725,台湾省,710000,台湾省,710000,29.233245958
3858,20110726,台湾省,710000,台湾省,710000,29.0843016234
3859,20110727,台湾省,710000,台湾省,710000,30.0100207979
3860,20110728,台湾省,710000,台湾省,710000,29.6608443477
3861,20110729,台湾省,710000,台湾省,710000,29.1930259358
3862,20110730,台湾省,710000,台湾省,710000,29.245453336
3863,20110731,台湾省,710000,台湾省,710000,29.7169941989
3864,20110801,台湾省,710000,台湾省,710000,29.7520080263
3865,20110802,台湾省,710000,台湾省,710000,29.8039905158
3866,20110803,台湾省,710000,台湾省,710000,29.6034868414
3867,20110804,台湾省,710000,台湾省,710000,30.0598389886
3868,20110805,台湾省,710000,台湾省,710000,29.6429567337
3869,20110806,台湾省,710000,台湾省,710000,29.7436782013
3870,20110807,台湾省,710000,台湾省,710000,29.7519964738
3871,20110808,台湾省,710000,台湾省,710000,28.8463792801
3872,20110809,台湾省,710000,台湾省,710000,28.6492372426
3873,20110810,台湾省,710000,台湾省,710000,28.5893109278
3874,20110811,台湾省,710000,台湾省,710000,28.6513288671
3875,20110812,台湾省,710000,台湾省,710000,28.6841756864
3876,20110813,台湾省,710000,台湾省,710000,29.2477121787
3877,20110814,台湾省,710000,台湾省,710000,29.701900959
3878,20110815,台湾省,710000,台湾省,710000,29.9489422061
3879,20110816,台湾省,710000,台湾省,710000,30.0394305099
3880,20110817,台湾省,710000,台湾省,710000,30.3038711548
3881,20110818,台湾省,710000,台湾省,710000,29.9996650436
3882,20110819,台湾省,710000,台湾省,710000,29.3337383704
3883,20110820,台湾省,710000,台湾省,710000,29.800020543
3884,20110821,台湾省,710000,台湾省,710000,29.389892253
3885,20110822,台湾省,710000,台湾省,710000,29.5766494057
3886,20110823,台湾省,710000,台湾省,710000,29.3977478634
3887,20110824,台湾省,710000,台湾省,710000,28.8369894028
3888,20110825,台湾省,710000,台湾省,710000,29.7038897384
3889,20110826,台湾省,710000,台湾省,710000,29.9726387371
3890,20110827,台湾省,710000,台湾省,710000,28.6674980467
3891,20110828,台湾省,710000,台湾省,710000,27.8019607284
3892,20110829,台湾省,710000,台湾省,710000,27.3721762137
3893,20110830,台湾省,710000,台湾省,710000,26.838863026
3894,20110831,台湾省,710000,台湾省,710000,27.0696321617
3895,20110901,台湾省,710000,台湾省,710000,27.9339170889
3896,20110902,台湾省,710000,台湾省,710000,27.7130553506
3897,20110903,台湾省,710000,台湾省,710000,28.3592521494
3898,20110904,台湾省,710000,台湾省,710000,28.4284024889
3899,20110905,台湾省,710000,台湾省,710000,27.8098177043
3900,20110906,台湾省,710000,台湾省,710000,27.5904846842
3901,20110907,台湾省,710000,台湾省,710000,28.1381091421
3902,20110908,台湾省,710000,台湾省,710000,28.5173728249
3903,20110909,台湾省,710000,台湾省,710000,28.8964132829
3904,20110910,台湾省,710000,台湾省,710000,29.1032006524
3905,20110911,台湾省,710000,台湾省,710000,28.7386165966
3906,20110912,台湾省,710000,台湾省,710000,27.945584774
3907,20110913,台湾省,710000,台湾省,710000,28.2766204964
3908,20110914,台湾省,710000,台湾省,710000,28.2466364557
3909,20110915,台湾省,710000,台湾省,710000,28.1943092996
3910,20110916,台湾省,710000,台湾省,710000,28.4585705454
3911,20110917,台湾省,710000,台湾省,710000,28.4196200588
3912,20110918,台湾省,710000,台湾省,710000,28.3298814513
3913,20110919,台湾省,710000,台湾省,710000,26.7974226692
3914,20110920,台湾省,710000,台湾省,710000,26.2440319712
3915,20110921,台湾省,710000,台湾省,710000,25.5907563946
3916,20110922,台湾省,710000,台湾省,710000,25.5480820916
3917,20110923,台湾省,710000,台湾省,710000,25.3850379207
3918,20110924,台湾省,710000,台湾省,710000,26.5601055839
3919,20110925,台湾省,710000,台湾省,710000,27.6590880264
3920,20110926,台湾省,710000,台湾省,710000,28.1302071051
3921,20110927,台湾省,710000,台湾省,710000,28.8272791993
3922,20110928,台湾省,710000,台湾省,710000,28.0182557973
3923,20110929,台湾省,710000,台湾省,710000,29.3620702353
3924,20110930,台湾省,710000,台湾省,710000,28.0536562746
3925,20111001,台湾省,710000,台湾省,710000,26.6559418765
3926,20111002,台湾省,710000,台湾省,710000,24.4526270736
3927,20111003,台湾省,710000,台湾省,710000,24.2129638845
3928,20111004,台湾省,710000,台湾省,710000,25.3940913027
3929,20111005,台湾省,710000,台湾省,710000,25.9051129384
3930,20111006,台湾省,710000,台湾省,710000,24.8575228778
3931,20111007,台湾省,710000,台湾省,710000,24.9863590761
3932,20111008,台湾省,710000,台湾省,710000,26.7594438249
3933,20111009,台湾省,710000,台湾省,710000,25.8886451071
3934,20111010,台湾省,710000,台湾省,710000,26.7268808755
3935,20111011,台湾省,710000,台湾省,710000,26.79897252
3936,20111012,台湾省,710000,台湾省,710000,26.5448428934
3937,20111013,台湾省,710000,台湾省,710000,26.6211127151
3938,20111014,台湾省,710000,台湾省,710000,25.7731443102
3939,20111015,台湾省,710000,台湾省,710000,25.0203662352
3940,20111016,台湾省,710000,台湾省,710000,25.0914089896
3941,20111017,台湾省,710000,台湾省,710000,25.0304964456
3942,20111018,台湾省,710000,台湾省,710000,24.519320423
3943,20111019,台湾省,710000,台湾省,710000,24.240687327
3944,20111020,台湾省,710000,台湾省,710000,25.1333504807
3945,20111021,台湾省,710000,台湾省,710000,25.6215219714
3946,20111022,台湾省,710000,台湾省,710000,24.9678645134
3947,20111023,台湾省,710000,台湾省,710000,25.6597561186
3948,20111024,台湾省,710000,台湾省,710000,26.2547519424
3949,20111025,台湾省,710000,台湾省,710000,23.4885616736
3950,20111026,台湾省,710000,台湾省,710000,22.9654963883
3951,20111027,台湾省,710000,台湾省,710000,24.2565529346
3952,20111028,台湾省,710000,台湾省,710000,24.7403571389
3953,20111029,台湾省,710000,台湾省,710000,24.3887938803
3954,20111030,台湾省,710000,台湾省,710000,24.279607296
3955,20111031,台湾省,710000,台湾省,710000,24.1361356215
3956,20111101,台湾省,710000,台湾省,710000,25.4866987792
3957,20111102,台湾省,710000,台湾省,710000,26.2239038511
3958,20111103,台湾省,710000,台湾省,710000,26.4204025485
3959,20111104,台湾省,710000,台湾省,710000,26.9459349242
3960,20111105,台湾省,710000,台湾省,710000,26.3804721182
3961,20111106,台湾省,710000,台湾省,710000,26.4535787756
3962,20111107,台湾省,710000,台湾省,710000,23.930714022
3963,20111108,台湾省,710000,台湾省,710000,23.9105348804
3964,20111109,台湾省,710000,台湾省,710000,22.5930201357
3965,20111110,台湾省,710000,台湾省,710000,20.6358835914
3966,20111111,台湾省,710000,台湾省,710000,21.6058970798
3967,20111112,台湾省,710000,台湾省,710000,22.7524671771
3968,20111113,台湾省,710000,台湾省,710000,23.1674054319
3969,20111114,台湾省,710000,台湾省,710000,23.537313418
3970,20111115,台湾省,710000,台湾省,710000,23.6461716999
3971,20111116,台湾省,710000,台湾省,710000,24.0379430381
3972,20111117,台湾省,710000,台湾省,710000,23.8410767208
3973,20111118,台湾省,710000,台湾省,710000,25.4089542302
3974,20111119,台湾省,710000,台湾省,710000,24.3984499411
3975,20111120,台湾省,710000,台湾省,710000,21.5226525393
3976,20111121,台湾省,710000,台湾省,710000,22.3116867976
3977,20111122,台湾省,710000,台湾省,710000,22.9654965401
3978,20111123,台湾省,710000,台湾省,710000,21.2641523318
3979,20111124,台湾省,710000,台湾省,710000,20.7729864554
3980,20111125,台湾省,710000,台湾省,710000,22.1866643429
3981,20111126,台湾省,710000,台湾省,710000,22.1249278675
3982,20111127,台湾省,710000,台湾省,710000,22.0790349787
3983,20111128,台湾省,710000,台湾省,710000,23.0705339692
3984,20111129,台湾省,710000,台湾省,710000,23.9252944209
3985,20111130,台湾省,710000,台湾省,710000,23.5933834856
3986,20111201,台湾省,710000,台湾省,710000,19.3291592815
3987,20111202,台湾省,710000,台湾省,710000,16.5904960632
3988,20111203,台湾省,710000,台湾省,710000,17.4644748948
3989,20111204,台湾省,710000,台湾省,710000,20.5693019303
3990,20111205,台湾省,710000,台湾省,710000,19.4058934775
3991,20111206,台湾省,710000,台湾省,710000,22.9569473483
3992,20111207,台湾省,710000,台湾省,710000,23.0172984817
3993,20111208,台湾省,710000,台湾省,710000,19.0605120009
3994,20111209,台湾省,710000,台湾省,710000,15.9742375396
3995,20111210,台湾省,710000,台湾省,710000,16.0840854211
3996,20111211,台湾省,710000,台湾省,710000,16.9199623411
3997,20111212,台湾省,710000,台湾省,710000,18.5679923621
3998,20111213,台湾省,710000,台湾省,710000,19.757631627
3999,20111214,台湾省,710000,台湾省,710000,20.5840374773
4000,20111215,台湾省,710000,台湾省,710000,19.2644537362
4001,20111216,台湾省,710000,台湾省,710000,16.4055945548
4002,20111217,台湾省,710000,台湾省,710000,16.5806189992
4003,20111218,台湾省,710000,台湾省,710000,17.9339439869
4004,20111219,台湾省,710000,台湾省,710000,18.5263103572
4005,20111220,台湾省,710000,台湾省,710000,19.1773938049
4006,20111221,台湾省,710000,台湾省,710000,19.5750596957
4007,20111222,台湾省,710000,台湾省,710000,16.5351749008
4008,20111223,台湾省,710000,台湾省,710000,15.4557281949
4009,20111224,台湾省,710000,台湾省,710000,13.7926368713
4010,20111225,台湾省,710000,台湾省,710000,15.67074223
4011,20111226,台湾省,710000,台湾省,710000,16.9372140711
4012,20111227,台湾省,710000,台湾省,710000,18.2178311565
4013,20111228,台湾省,710000,台湾省,710000,18.9715922963
4014,20111229,台湾省,710000,台湾省,710000,19.0787073265
4015,20111230,台湾省,710000,台湾省,710000,17.1402648471
4016,20111231,台湾省,710000,台湾省,710000,16.5453630361
4017,20120101,台湾省,710000,台湾省,710000,16.7793899883
4018,20120102,台湾省,710000,台湾省,710000,16.3330552578
4019,20120103,台湾省,710000,台湾省,710000,17.1738167459
4020,20120104,台湾省,710000,台湾省,710000,13.0193820542
4021,20120105,台湾省,710000,台湾省,710000,13.9082980048
4022,20120106,台湾省,710000,台湾省,710000,16.655331254
4023,20120107,台湾省,710000,台湾省,710000,17.6961764314
4024,20120108,台湾省,710000,台湾省,710000,18.6106570634
4025,20120109,台湾省,710000,台湾省,710000,18.377984242
4026,20120110,台湾省,710000,台湾省,710000,18.8153096979
4027,20120111,台湾省,710000,台湾省,710000,16.8593301773
4028,20120112,台湾省,710000,台湾省,710000,17.9279445518
4029,20120113,台湾省,710000,台湾省,710000,18.9559662559
4030,20120114,台湾省,710000,台湾省,710000,20.5487702326
4031,20120115,台湾省,710000,台湾省,710000,19.6276929595
4032,20120116,台湾省,710000,台湾省,710000,16.8403716629
4033,20120117,台湾省,710000,台湾省,710000,18.2012808323
4034,20120118,台湾省,710000,台湾省,710000,19.6678072539
4035,20120119,台湾省,710000,台湾省,710000,19.6897228414
4036,20120120,台湾省,710000,台湾省,710000,18.5614779429
4037,20120121,台湾省,710000,台湾省,710000,17.8742570985
4038,20120122,台湾省,710000,台湾省,710000,14.9740858511
4039,20120123,台湾省,710000,台湾省,710000,13.9619140517
4040,20120124,台湾省,710000,台湾省,710000,15.6661377061
4041,20120125,台湾省,710000,台湾省,710000,13.4214391383
4042,20120126,台湾省,710000,台湾省,710000,15.8415606455
4043,20120127,台湾省,710000,台湾省,710000,18.0903106819
4044,20120128,台湾省,710000,台湾省,710000,18.6138328747
4045,20120129,台湾省,710000,台湾省,710000,18.1309728406
4046,20120130,台湾省,710000,台湾省,710000,17.3917098696
4047,20120131,台湾省,710000,台湾省,710000,16.286002766
4048,20120201,台湾省,710000,台湾省,710000,17.4404636188
4049,20120202,台湾省,710000,台湾省,710000,15.944029342
4050,20120203,台湾省,710000,台湾省,710000,15.1370034868
4051,20120204,台湾省,710000,台湾省,710000,18.8646532839
4052,20120205,台湾省,710000,台湾省,710000,20.7048166232
4053,20120206,台湾省,710000,台湾省,710000,22.5385358117
4054,20120207,台湾省,710000,台湾省,710000,14.9617395293
4055,20120208,台湾省,710000,台湾省,710000,10.660004204
4056,20120209,台湾省,710000,台湾省,710000,15.1920584874
4057,20120210,台湾省,710000,台湾省,710000,17.1938768409
4058,20120211,台湾省,710000,台湾省,710000,17.6239396117
4059,20120212,台湾省,710000,台湾省,710000,18.6798163978
4060,20120213,台湾省,710000,台湾省,710000,21.5140483379
4061,20120214,台湾省,710000,台湾省,710000,21.6583262574
4062,20120215,台湾省,710000,台湾省,710000,19.6545783173
4063,20120216,台湾省,710000,台湾省,710000,16.8051594387
4064,20120217,台湾省,710000,台湾省,710000,15.2949641726
4065,20120218,台湾省,710000,台湾省,710000,14.518424706
4066,20120219,台湾省,710000,台湾省,710000,15.0577954379
4067,20120220,台湾省,710000,台湾省,710000,17.7552235126
4068,20120221,台湾省,710000,台湾省,710000,19.1753260873
4069,20120222,台湾省,710000,台湾省,710000,21.7844712951
4070,20120223,台湾省,710000,台湾省,710000,21.84161028
4071,20120224,台湾省,710000,台湾省,710000,19.9070826661
4072,20120225,台湾省,710000,台湾省,710000,17.2609017112
4073,20120226,台湾省,710000,台湾省,710000,14.6984549002
4074,20120227,台湾省,710000,台湾省,710000,15.4281360886
4075,20120228,台湾省,710000,台湾省,710000,15.9156156453
4076,20120229,台湾省,710000,台湾省,710000,18.0642340508
4077,20120301,台湾省,710000,台湾省,710000,20.8296879205
4078,20120302,台湾省,710000,台湾省,710000,21.6136684851
4079,20120303,台湾省,710000,台湾省,710000,19.9487855651
4080,20120304,台湾省,710000,台湾省,710000,21.7068886865
4081,20120305,台湾省,710000,台湾省,710000,22.9658536261
4082,20120306,台湾省,710000,台湾省,710000,22.5132667585
4083,20120307,台湾省,710000,台湾省,710000,19.9895027551
4084,20120308,台湾省,710000,台湾省,710000,19.0320391763
4085,20120309,台湾省,710000,台湾省,710000,16.0963927833
4086,20120310,台湾省,710000,台湾省,710000,15.3186879808
4087,20120311,台湾省,710000,台湾省,710000,15.2990431894
4088,20120312,台湾省,710000,台湾省,710000,15.2699157433
4089,20120313,台湾省,710000,台湾省,710000,17.0652198033
4090,20120314,台湾省,710000,台湾省,710000,18.6689332724
4091,20120315,台湾省,710000,台湾省,710000,19.7769243826
4092,20120316,台湾省,710000,台湾省,710000,24.2144630606
4093,20120317,台湾省,710000,台湾省,710000,25.5128064589
4094,20120318,台湾省,710000,台湾省,710000,24.0659167767
4095,20120319,台湾省,710000,台湾省,710000,21.6704085957
4096,20120320,台湾省,710000,台湾省,710000,21.4148648219
4097,20120321,台湾省,710000,台湾省,710000,20.3531135646
4098,20120322,台湾省,710000,台湾省,710000,23.2413560044
4099,20120323,台湾省,710000,台湾省,710000,22.3899946863
4100,20120324,台湾省,710000,台湾省,710000,14.9753275351
4101,20120325,台湾省,710000,台湾省,710000,18.7486403422
4102,20120326,台湾省,710000,台湾省,710000,20.844508908
4103,20120327,台湾省,710000,台湾省,710000,21.8120868206
4104,20120328,台湾省,710000,台湾省,710000,22.705681259
4105,20120329,台湾省,710000,台湾省,710000,21.9712040424
4106,20120330,台湾省,710000,台湾省,710000,23.7373048826
4107,20120331,台湾省,710000,台湾省,710000,20.0100128867
4108,20120401,台湾省,710000,台湾省,710000,21.6528302106
4109,20120402,台湾省,710000,台湾省,710000,24.3230308186
4110,20120403,台湾省,710000,台湾省,710000,23.3150759394
4111,20120404,台湾省,710000,台湾省,710000,22.6673013297
4112,20120405,台湾省,710000,台湾省,710000,22.1889191324
4113,20120406,台湾省,710000,台湾省,710000,20.7332038229
4114,20120407,台湾省,710000,台湾省,710000,22.1493182399
4115,20120408,台湾省,710000,台湾省,710000,22.9015875296
4116,20120409,台湾省,710000,台湾省,710000,23.5172032443
4117,20120410,台湾省,710000,台湾省,710000,25.9613036893
4118,20120411,台湾省,710000,台湾省,710000,26.456511866
4119,20120412,台湾省,710000,台湾省,710000,26.355176102
4120,20120413,台湾省,710000,台湾省,710000,27.1739401601
4121,20120414,台湾省,710000,台湾省,710000,25.0947469798
4122,20120415,台湾省,710000,台湾省,710000,25.9429311102
4123,20120416,台湾省,710000,台湾省,710000,22.983606837
4124,20120417,台湾省,710000,台湾省,710000,21.6574410525
4125,20120418,台湾省,710000,台湾省,710000,24.1269808249
4126,20120419,台湾省,710000,台湾省,710000,25.4612802592
4127,20120420,台湾省,710000,台湾省,710000,25.6543748812
4128,20120421,台湾省,710000,台湾省,710000,25.4404985254
4129,20120422,台湾省,710000,台湾省,710000,24.5662036809
4130,20120423,台湾省,710000,台湾省,710000,26.7525097457
4131,20120424,台湾省,710000,台湾省,710000,28.0195752924
4132,20120425,台湾省,710000,台湾省,710000,27.5428842848
4133,20120426,台湾省,710000,台湾省,710000,22.2553171028
4134,20120427,台湾省,710000,台湾省,710000,22.4598676075
4135,20120428,台湾省,710000,台湾省,710000,24.0738984238
4136,20120429,台湾省,710000,台湾省,710000,26.6051616669
4137,20120430,台湾省,710000,台湾省,710000,27.0686320392
4138,20120501,台湾省,710000,台湾省,710000,29.2688921582
4139,20120502,台湾省,710000,台湾省,710000,27.4183964079
4140,20120503,台湾省,710000,台湾省,710000,25.3307473876
4141,20120504,台湾省,710000,台湾省,710000,23.4025239294
4142,20120505,台湾省,710000,台湾省,710000,24.8397296775
4143,20120506,台湾省,710000,台湾省,710000,25.6138790954
4144,20120507,台湾省,710000,台湾省,710000,26.8976719379
4145,20120508,台湾省,710000,台湾省,710000,28.6174802347
4146,20120509,台湾省,710000,台湾省,710000,27.4453208663
4147,20120510,台湾省,710000,台湾省,710000,25.3147954507
4148,20120511,台湾省,710000,台湾省,710000,25.3360033252
4149,20120512,台湾省,710000,台湾省,710000,27.0515207811
4150,20120513,台湾省,710000,台湾省,710000,28.148950165
4151,20120514,台湾省,710000,台湾省,710000,29.3303012414
4152,20120515,台湾省,710000,台湾省,710000,28.9374602491
4153,20120516,台湾省,710000,台湾省,710000,26.3759184534
4154,20120517,台湾省,710000,台湾省,710000,24.433860497
4155,20120518,台湾省,710000,台湾省,710000,25.3410908309
4156,20120519,台湾省,710000,台湾省,710000,25.4091912183
4157,20120520,台湾省,710000,台湾省,710000,24.4332290996
4158,20120521,台湾省,710000,台湾省,710000,25.3968736258
4159,20120522,台湾省,710000,台湾省,710000,25.6313577132
4160,20120523,台湾省,710000,台湾省,710000,26.6902816512
4161,20120524,台湾省,710000,台湾省,710000,27.7789575837
4162,20120525,台湾省,710000,台湾省,710000,27.862586715
4163,20120526,台湾省,710000,台湾省,710000,27.5504239906
4164,20120527,台湾省,710000,台湾省,710000,26.9275437702
4165,20120528,台湾省,710000,台湾省,710000,26.0018529458
4166,20120529,台湾省,710000,台湾省,710000,27.2277136066
4167,20120530,台湾省,710000,台湾省,710000,27.7528191046
4168,20120531,台湾省,710000,台湾省,710000,26.6530236764
4169,20120601,台湾省,710000,台湾省,710000,27.0933613127
4170,20120602,台湾省,710000,台湾省,710000,26.977747527
4171,20120603,台湾省,710000,台湾省,710000,26.8612649658
4172,20120604,台湾省,710000,台湾省,710000,27.2585165067
4173,20120605,台湾省,710000,台湾省,710000,27.7628232999
4174,20120606,台湾省,710000,台湾省,710000,28.3211255074
4175,20120607,台湾省,710000,台湾省,710000,29.5424853021
4176,20120608,台湾省,710000,台湾省,710000,29.2364276756
4177,20120609,台湾省,710000,台湾省,710000,28.6838954362
4178,20120610,台湾省,710000,台湾省,710000,28.2452414036
4179,20120611,台湾省,710000,台湾省,710000,27.9979636452
4180,20120612,台湾省,710000,台湾省,710000,25.5501670187
4181,20120613,台湾省,710000,台湾省,710000,26.5277017897
4182,20120614,台湾省,710000,台湾省,710000,25.9224604477
4183,20120615,台湾省,710000,台湾省,710000,26.5416683067
4184,20120616,台湾省,710000,台湾省,710000,27.2925570445
4185,20120617,台湾省,710000,台湾省,710000,28.5075034878
4186,20120618,台湾省,710000,台湾省,710000,28.3489880779
4187,20120619,台湾省,710000,台湾省,710000,26.4726826278
4188,20120620,台湾省,710000,台湾省,710000,25.3574150259
4189,20120621,台湾省,710000,台湾省,710000,25.2369412292
4190,20120622,台湾省,710000,台湾省,710000,27.5924064029
4191,20120623,台湾省,710000,台湾省,710000,27.8993848671
4192,20120624,台湾省,710000,台湾省,710000,28.8451397636
4193,20120625,台湾省,710000,台湾省,710000,28.7549747337
4194,20120626,台湾省,710000,台湾省,710000,28.5999170433
4195,20120627,台湾省,710000,台湾省,710000,29.1951358752
4196,20120628,台湾省,710000,台湾省,710000,29.5547974977
4197,20120629,台湾省,710000,台湾省,710000,28.708714897
4198,20120630,台湾省,710000,台湾省,710000,29.5460282889
4199,20120701,台湾省,710000,台湾省,710000,29.5818234574
4200,20120702,台湾省,710000,台湾省,710000,29.2770657323
4201,20120703,台湾省,710000,台湾省,710000,29.5683038885
4202,20120704,台湾省,710000,台湾省,710000,29.8459676829
4203,20120705,台湾省,710000,台湾省,710000,29.7912178473
4204,20120706,台湾省,710000,台湾省,710000,28.9618953575
4205,20120707,台湾省,710000,台湾省,710000,29.5221486308
4206,20120708,台湾省,710000,台湾省,710000,29.8321616216
4207,20120709,台湾省,710000,台湾省,710000,30.3126710111
4208,20120710,台湾省,710000,台湾省,710000,30.4856152751
4209,20120711,台湾省,710000,台湾省,710000,30.1468291499
4210,20120712,台湾省,710000,台湾省,710000,30.1767849705
4211,20120713,台湾省,710000,台湾省,710000,30.2055885792
4212,20120714,台湾省,710000,台湾省,710000,29.9220165339
4213,20120715,台湾省,710000,台湾省,710000,29.6948839318
4214,20120716,台湾省,710000,台湾省,710000,28.7775985761
4215,20120717,台湾省,710000,台湾省,710000,29.6716602065
4216,20120718,台湾省,710000,台湾省,710000,29.4471339529
4217,20120719,台湾省,710000,台湾省,710000,30.0108720389
4218,20120720,台湾省,710000,台湾省,710000,30.4826953845
4219,20120721,台湾省,710000,台湾省,710000,29.296130007
4220,20120722,台湾省,710000,台湾省,710000,28.1066749963
4221,20120723,台湾省,710000,台湾省,710000,29.275938771
4222,20120724,台湾省,710000,台湾省,710000,28.1184296608
4223,20120725,台湾省,710000,台湾省,710000,27.923589598
4224,20120726,台湾省,710000,台湾省,710000,27.5903222127
4225,20120727,台湾省,710000,台湾省,710000,28.9525505413
4226,20120728,台湾省,710000,台湾省,710000,28.9421197718
4227,20120729,台湾省,710000,台湾省,710000,29.6689033725
4228,20120730,台湾省,710000,台湾省,710000,28.7603703412
4229,20120731,台湾省,710000,台湾省,710000,27.8148969737
4230,20120801,台湾省,710000,台湾省,710000,27.7489981868
4231,20120802,台湾省,710000,台湾省,710000,26.3556039117
4232,20120803,台湾省,710000,台湾省,710000,28.1963623437
4233,20120804,台湾省,710000,台湾省,710000,28.4588426026
4234,20120805,台湾省,710000,台湾省,710000,28.5453729196
4235,20120806,台湾省,710000,台湾省,710000,28.2088148811
4236,20120807,台湾省,710000,台湾省,710000,28.5906269984
4237,20120808,台湾省,710000,台湾省,710000,29.6107433276
4238,20120809,台湾省,710000,台湾省,710000,27.6246874332
4239,20120810,台湾省,710000,台湾省,710000,28.193136497
4240,20120811,台湾省,710000,台湾省,710000,28.151740681
4241,20120812,台湾省,710000,台湾省,710000,28.3476483172
4242,20120813,台湾省,710000,台湾省,710000,29.0733318762
4243,20120814,台湾省,710000,台湾省,710000,29.5812672485
4244,20120815,台湾省,710000,台湾省,710000,29.5351511132
4245,20120816,台湾省,710000,台湾省,710000,28.5988280773
4246,20120817,台湾省,710000,台湾省,710000,28.0018687248
4247,20120818,台湾省,710000,台湾省,710000,27.8613909375
4248,20120819,台湾省,710000,台湾省,710000,28.6277442845
4249,20120820,台湾省,710000,台湾省,710000,28.6519449841
4250,20120821,台湾省,710000,台湾省,710000,28.8003304221
4251,20120822,台湾省,710000,台湾省,710000,28.60673653
4252,20120823,台湾省,710000,台湾省,710000,28.8959258253
4253,20120824,台湾省,710000,台湾省,710000,27.692561453
4254,20120825,台湾省,710000,台湾省,710000,27.2304105108
4255,20120826,台湾省,710000,台湾省,710000,28.2081822049
4256,20120827,台湾省,710000,台湾省,710000,28.7308038582
4257,20120828,台湾省,710000,台湾省,710000,27.8092178431
4258,20120829,台湾省,710000,台湾省,710000,28.4132865776
4259,20120830,台湾省,710000,台湾省,710000,27.7338261171
4260,20120831,台湾省,710000,台湾省,710000,27.1661916213
4261,20120901,台湾省,710000,台湾省,710000,27.684682781
4262,20120902,台湾省,710000,台湾省,710000,27.6842220263
4263,20120903,台湾省,710000,台湾省,710000,27.8244091381
4264,20120904,台湾省,710000,台湾省,710000,28.9477889755
4265,20120905,台湾省,710000,台湾省,710000,29.399701747
4266,20120906,台湾省,710000,台湾省,710000,29.4474433769
4267,20120907,台湾省,710000,台湾省,710000,28.8071947531
4268,20120908,台湾省,710000,台湾省,710000,29.0688584501
4269,20120909,台湾省,710000,台湾省,710000,29.0881311243
4270,20120910,台湾省,710000,台湾省,710000,29.1006022583
4271,20120911,台湾省,710000,台湾省,710000,28.8306187283
4272,20120912,台湾省,710000,台湾省,710000,28.9076914354
4273,20120913,台湾省,710000,台湾省,710000,28.8270767602
4274,20120914,台湾省,710000,台湾省,710000,27.4323068315
4275,20120915,台湾省,710000,台湾省,710000,26.7109275298
4276,20120916,台湾省,710000,台湾省,710000,25.7658299533
4277,20120917,台湾省,710000,台湾省,710000,25.5180806463
4278,20120918,台湾省,710000,台湾省,710000,26.4533565478
4279,20120919,台湾省,710000,台湾省,710000,25.6033841046
4280,20120920,台湾省,710000,台湾省,710000,26.5004550544
4281,20120921,台湾省,710000,台湾省,710000,27.852989782
4282,20120922,台湾省,710000,台湾省,710000,28.2991085052
4283,20120923,台湾省,710000,台湾省,710000,27.6471760706
4284,20120924,台湾省,710000,台湾省,710000,26.9259737622
4285,20120925,台湾省,710000,台湾省,710000,27.4783727906
4286,20120926,台湾省,710000,台湾省,710000,27.8433619846
4287,20120927,台湾省,710000,台湾省,710000,27.8467127193
4288,20120928,台湾省,710000,台湾省,710000,26.066901207
4289,20120929,台湾省,710000,台湾省,710000,24.559412241
4290,20120930,台湾省,710000,台湾省,710000,24.4858960238
4291,20121001,台湾省,710000,台湾省,710000,25.0670713945
4292,20121002,台湾省,710000,台湾省,710000,24.7277692881
4293,20121003,台湾省,710000,台湾省,710000,24.0907879743
4294,20121004,台湾省,710000,台湾省,710000,24.9632787488
4295,20121005,台湾省,710000,台湾省,710000,25.5853267149
4296,20121006,台湾省,710000,台湾省,710000,25.4064879417
4297,20121007,台湾省,710000,台湾省,710000,25.4180089777
4298,20121008,台湾省,710000,台湾省,710000,25.2039913698
4299,20121009,台湾省,710000,台湾省,710000,25.1471826597
4300,20121010,台湾省,710000,台湾省,710000,24.8929306377
4301,20121011,台湾省,710000,台湾省,710000,24.4737194451
4302,20121012,台湾省,710000,台湾省,710000,24.090409734
4303,20121013,台湾省,710000,台湾省,710000,24.5340309793
4304,20121014,台湾省,710000,台湾省,710000,25.0967165123
4305,20121015,台湾省,710000,台湾省,710000,24.9642659317
4306,20121016,台湾省,710000,台湾省,710000,24.884562319
4307,20121017,台湾省,710000,台湾省,710000,24.4930549318
4308,20121018,台湾省,710000,台湾省,710000,22.6357616295
4309,20121019,台湾省,710000,台湾省,710000,23.5462794304
4310,20121020,台湾省,710000,台湾省,710000,24.518655907
4311,20121021,台湾省,710000,台湾省,710000,24.673239838
4312,20121022,台湾省,710000,台湾省,710000,25.9093994011
4313,20121023,台湾省,710000,台湾省,710000,23.3910968087
4314,20121024,台湾省,710000,台湾省,710000,24.9753263647
4315,20121025,台湾省,710000,台湾省,710000,26.2359584895
4316,20121026,台湾省,710000,台湾省,710000,26.6974753033
4317,20121027,台湾省,710000,台湾省,710000,26.8532923135
4318,20121028,台湾省,710000,台湾省,710000,26.154644511
4319,20121029,台湾省,710000,台湾省,710000,25.3740840608
4320,20121030,台湾省,710000,台湾省,710000,23.8252543536
4321,20121031,台湾省,710000,台湾省,710000,21.1760804653
4322,20121101,台湾省,710000,台湾省,710000,21.5727692301
4323,20121102,台湾省,710000,台湾省,710000,22.8199179389
4324,20121103,台湾省,710000,台湾省,710000,24.5929144513
4325,20121104,台湾省,710000,台湾省,710000,23.9867557396
4326,20121105,台湾省,710000,台湾省,710000,22.9750841964
4327,20121106,台湾省,710000,台湾省,710000,22.5020115592
4328,20121107,台湾省,710000,台湾省,710000,22.5722644329
4329,20121108,台湾省,710000,台湾省,710000,23.5101705464
4330,20121109,台湾省,710000,台湾省,710000,24.5856283361
4331,20121110,台湾省,710000,台湾省,710000,25.6005142602
4332,20121111,台湾省,710000,台湾省,710000,22.5804355361
4333,20121112,台湾省,710000,台湾省,710000,22.6733333414
4334,20121113,台湾省,710000,台湾省,710000,23.2973228801
4335,20121114,台湾省,710000,台湾省,710000,24.1156087138
4336,20121115,台湾省,710000,台湾省,710000,23.8259929744
4337,20121116,台湾省,710000,台湾省,710000,24.171851765
4338,20121117,台湾省,710000,台湾省,710000,19.7203279625
4339,20121118,台湾省,710000,台湾省,710000,19.0068832744
4340,20121119,台湾省,710000,台湾省,710000,21.6874477213
4341,20121120,台湾省,710000,台湾省,710000,22.8846015497
4342,20121121,台湾省,710000,台湾省,710000,23.2740991116
4343,20121122,台湾省,710000,台湾省,710000,24.4939024232
4344,20121123,台湾省,710000,台湾省,710000,21.6147119565
4345,20121124,台湾省,710000,台湾省,710000,20.7706550035
4346,20121125,台湾省,710000,台湾省,710000,23.7802664367
4347,20121126,台湾省,710000,台湾省,710000,19.5012914159
4348,20121127,台湾省,710000,台湾省,710000,18.1324317455
4349,20121128,台湾省,710000,台湾省,710000,21.3313366933
4350,20121129,台湾省,710000,台湾省,710000,21.1504099586
4351,20121130,台湾省,710000,台湾省,710000,21.2948268327
4352,20121201,台湾省,710000,台湾省,710000,21.636196765
4353,20121202,台湾省,710000,台湾省,710000,20.4229018471
4354,20121203,台湾省,710000,台湾省,710000,19.5540494919
4355,20121204,台湾省,710000,台湾省,710000,19.6502694433
4356,20121205,台湾省,710000,台湾省,710000,17.6802294688
4357,20121206,台湾省,710000,台湾省,710000,17.9744736932
4358,20121207,台湾省,710000,台湾省,710000,20.5567492138
4359,20121208,台湾省,710000,台湾省,710000,18.3600641164
4360,20121209,台湾省,710000,台湾省,710000,17.047769514
4361,20121210,台湾省,710000,台湾省,710000,18.1105620644
4362,20121211,台湾省,710000,台湾省,710000,18.0527784824
4363,20121212,台湾省,710000,台湾省,710000,18.9265995676
4364,20121213,台湾省,710000,台湾省,710000,20.2423295541
4365,20121214,台湾省,710000,台湾省,710000,21.7453346036
4366,20121215,台湾省,710000,台湾省,710000,23.0937984206
4367,20121216,台湾省,710000,台湾省,710000,22.3133843162
4368,20121217,台湾省,710000,台湾省,710000,21.0497053103
4369,20121218,台湾省,710000,台湾省,710000,16.646569317
4370,20121219,台湾省,710000,台湾省,710000,17.0241697593
4371,20121220,台湾省,710000,台湾省,710000,20.0611950701
4372,20121221,台湾省,710000,台湾省,710000,21.4695033377
4373,20121222,台湾省,710000,台湾省,710000,18.5766706467
4374,20121223,台湾省,710000,台湾省,710000,14.1593913815
4375,20121224,台湾省,710000,台湾省,710000,16.7806383263
4376,20121225,台湾省,710000,台湾省,710000,19.5137481039
4377,20121226,台湾省,710000,台湾省,710000,20.3029634953
4378,20121227,台湾省,710000,台湾省,710000,20.1267893098
4379,20121228,台湾省,710000,台湾省,710000,20.7094278986
4380,20121229,台湾省,710000,台湾省,710000,20.6717822118
4381,20121230,台湾省,710000,台湾省,710000,11.6394273693
4382,20121231,台湾省,710000,台湾省,710000,12.9570215507
4383,20130101,台湾省,710000,台湾省,710000,16.189729127
4384,20130102,台湾省,710000,台湾省,710000,18.8019016439
4385,20130103,台湾省,710000,台湾省,710000,15.9418046691
4386,20130104,台湾省,710000,台湾省,710000,17.5074244304
4387,20130105,台湾省,710000,台湾省,710000,18.248135545
4388,20130106,台湾省,710000,台湾省,710000,19.5279654806
4389,20130107,台湾省,710000,台湾省,710000,20.0569294799
4390,20130108,台湾省,710000,台湾省,710000,17.9845223644
4391,20130109,台湾省,710000,台湾省,710000,16.110585993
4392,20130110,台湾省,710000,台湾省,710000,16.0901910175
4393,20130111,台湾省,710000,台湾省,710000,18.4086238471
4394,20130112,台湾省,710000,台湾省,710000,19.0667945472
4395,20130113,台湾省,710000,台湾省,710000,17.1846411662
4396,20130114,台湾省,710000,台湾省,710000,15.5422141227
4397,20130115,台湾省,710000,台湾省,710000,17.2387351123
4398,20130116,台湾省,710000,台湾省,710000,17.9293828878
4399,20130117,台湾省,710000,台湾省,710000,14.948772593
4400,20130118,台湾省,710000,台湾省,710000,14.5106265328
4401,20130119,台湾省,710000,台湾省,710000,17.7235369899
4402,20130120,台湾省,710000,台湾省,710000,18.7108616395
4403,20130121,台湾省,710000,台湾省,710000,20.9104990526
4404,20130122,台湾省,710000,台湾省,710000,20.1425418637
4405,20130123,台湾省,710000,台湾省,710000,18.6456489996
4406,20130124,台湾省,710000,台湾省,710000,19.1671457507
4407,20130125,台湾省,710000,台湾省,710000,16.7952908819
4408,20130126,台湾省,710000,台湾省,710000,17.3323096254
4409,20130127,台湾省,710000,台湾省,710000,16.3977389661
4410,20130128,台湾省,710000,台湾省,710000,17.3318747824
4411,20130129,台湾省,710000,台湾省,710000,17.6279779889
4412,20130130,台湾省,710000,台湾省,710000,18.5274268497
4413,20130131,台湾省,710000,台湾省,710000,19.5642879659
4414,20130201,台湾省,710000,台湾省,710000,21.7335537347
4415,20130202,台湾省,710000,台湾省,710000,21.5745467923
4416,20130203,台湾省,710000,台湾省,710000,20.3376150781
4417,20130204,台湾省,710000,台湾省,710000,23.2851205739
4418,20130205,台湾省,710000,台湾省,710000,21.9675944068
4419,20130206,台湾省,710000,台湾省,710000,21.0505166271
4420,20130207,台湾省,710000,台湾省,710000,20.050777392
4421,20130208,台湾省,710000,台湾省,710000,16.7676096288
4422,20130209,台湾省,710000,台湾省,710000,16.7423212311
4423,20130210,台湾省,710000,台湾省,710000,17.8629183878
4424,20130211,台湾省,710000,台湾省,710000,18.8076281114
4425,20130212,台湾省,710000,台湾省,710000,18.6945641691
4426,20130213,台湾省,710000,台湾省,710000,19.0565237999
4427,20130214,台湾省,710000,台湾省,710000,20.5543812405
4428,20130215,台湾省,710000,台湾省,710000,19.5341533964
4429,20130216,台湾省,710000,台湾省,710000,19.6532651078
4430,20130217,台湾省,710000,台湾省,710000,21.2792732932
4431,20130218,台湾省,710000,台湾省,710000,23.439456788
4432,20130219,台湾省,710000,台湾省,710000,18.4701132991
4433,20130220,台湾省,710000,台湾省,710000,17.8123908585
4434,20130221,台湾省,710000,台湾省,710000,18.8709860932
4435,20130222,台湾省,710000,台湾省,710000,18.0935128277
4436,20130223,台湾省,710000,台湾省,710000,18.9234987172
4437,20130224,台湾省,710000,台湾省,710000,19.4248766249
4438,20130225,台湾省,710000,台湾省,710000,20.7603114302
4439,20130226,台湾省,710000,台湾省,710000,22.5755393505
4440,20130227,台湾省,710000,台湾省,710000,21.2045331868
4441,20130228,台湾省,710000,台湾省,710000,21.3185046369
4442,20130301,台湾省,710000,台湾省,710000,21.7859491435
4443,20130302,台湾省,710000,台湾省,710000,15.6195420244
4444,20130303,台湾省,710000,台湾省,710000,14.5239750147
4445,20130304,台湾省,710000,台湾省,710000,16.9668684981
4446,20130305,台湾省,710000,台湾省,710000,19.3055707325
4447,20130306,台湾省,710000,台湾省,710000,19.7197796648
4448,20130307,台湾省,710000,台湾省,710000,19.8662158793
4449,20130308,台湾省,710000,台湾省,710000,21.6271855831
4450,20130309,台湾省,710000,台湾省,710000,22.3722932339
4451,20130310,台湾省,710000,台湾省,710000,22.3174448664
4452,20130311,台湾省,710000,台湾省,710000,20.3800723769
4453,20130312,台湾省,710000,台湾省,710000,22.4500110583
4454,20130313,台湾省,710000,台湾省,710000,22.5622754964
4455,20130314,台湾省,710000,台湾省,710000,18.2467775453
4456,20130315,台湾省,710000,台湾省,710000,19.3326803337
4457,20130316,台湾省,710000,台湾省,710000,21.6119915139
4458,20130317,台湾省,710000,台湾省,710000,23.9521568905
4459,20130318,台湾省,710000,台湾省,710000,24.6254844015
4460,20130319,台湾省,710000,台湾省,710000,24.4957868186
4461,20130320,台湾省,710000,台湾省,710000,23.9708088095
4462,20130321,台湾省,710000,台湾省,710000,21.4198537957
4463,20130322,台湾省,710000,台湾省,710000,24.891692465
4464,20130323,台湾省,710000,台湾省,710000,25.0394460721
4465,20130324,台湾省,710000,台湾省,710000,23.4298419736
4466,20130325,台湾省,710000,台湾省,710000,20.8919855681
4467,20130326,台湾省,710000,台湾省,710000,21.8359515233
4468,20130327,台湾省,710000,台湾省,710000,21.9523055987
4469,20130328,台湾省,710000,台湾省,710000,22.5402236635
4470,20130329,台湾省,710000,台湾省,710000,21.2990992286
4471,20130330,台湾省,710000,台湾省,710000,21.8845581792
4472,20130331,台湾省,710000,台湾省,710000,21.459605282
4473,20130401,台湾省,710000,台湾省,710000,22.6663208875
4474,20130402,台湾省,710000,台湾省,710000,22.1982329325
4475,20130403,台湾省,710000,台湾省,710000,21.450553894
4476,20130404,台湾省,710000,台湾省,710000,22.9725549438
4477,20130405,台湾省,710000,台湾省,710000,23.1590825428
4478,20130406,台湾省,710000,台湾省,710000,19.2291147709
4479,20130407,台湾省,710000,台湾省,710000,18.4183571772
4480,20130408,台湾省,710000,台湾省,710000,21.1083484996
4481,20130409,台湾省,710000,台湾省,710000,20.6330892173
4482,20130410,台湾省,710000,台湾省,710000,20.1215986772
4483,20130411,台湾省,710000,台湾省,710000,19.2379285639
4484,20130412,台湾省,710000,台湾省,710000,18.4207768765
4485,20130413,台湾省,710000,台湾省,710000,20.6980197863
4486,20130414,台湾省,710000,台湾省,710000,20.5148815675
4487,20130415,台湾省,710000,台湾省,710000,23.9047271772
4488,20130416,台湾省,710000,台湾省,710000,24.9344108321
4489,20130417,台湾省,710000,台湾省,710000,26.1056099805
4490,20130418,台湾省,710000,台湾省,710000,26.0059859753
4491,20130419,台湾省,710000,台湾省,710000,23.6777149764
4492,20130420,台湾省,710000,台湾省,710000,23.8038339181
4493,20130421,台湾省,710000,台湾省,710000,19.7036151019
4494,20130422,台湾省,710000,台湾省,710000,22.0172557181
4495,20130423,台湾省,710000,台湾省,710000,25.3110358282
4496,20130424,台湾省,710000,台湾省,710000,25.6418087482
4497,20130425,台湾省,710000,台湾省,710000,23.656168786
4498,20130426,台湾省,710000,台湾省,710000,22.7325609597
4499,20130427,台湾省,710000,台湾省,710000,21.4883405946
4500,20130428,台湾省,710000,台湾省,710000,23.5647811023
4501,20130429,台湾省,710000,台湾省,710000,25.8716772903
4502,20130430,台湾省,710000,台湾省,710000,26.3071741841
4503,20130501,台湾省,710000,台湾省,710000,20.439905275
4504,20130502,台湾省,710000,台湾省,710000,21.2095529816
4505,20130503,台湾省,710000,台湾省,710000,22.1134217219
4506,20130504,台湾省,710000,台湾省,710000,24.1691078923
4507,20130505,台湾省,710000,台湾省,710000,25.6396149289
4508,20130506,台湾省,710000,台湾省,710000,25.3306043365
4509,20130507,台湾省,710000,台湾省,710000,25.7934986461
4510,20130508,台湾省,710000,台湾省,710000,25.9473275055
4511,20130509,台湾省,710000,台湾省,710000,26.9137657339
4512,20130510,台湾省,710000,台湾省,710000,27.7059846791
4513,20130511,台湾省,710000,台湾省,710000,25.0100389611
4514,20130512,台湾省,710000,台湾省,710000,24.3440130624
4515,20130513,台湾省,710000,台湾省,710000,25.9202718951
4516,20130514,台湾省,710000,台湾省,710000,26.9564452171
4517,20130515,台湾省,710000,台湾省,710000,27.3265669346
4518,20130516,台湾省,710000,台湾省,710000,26.4075280103
4519,20130517,台湾省,710000,台湾省,710000,26.7975271398
4520,20130518,台湾省,710000,台湾省,710000,27.2226939635
4521,20130519,台湾省,710000,台湾省,710000,26.8689268719
4522,20130520,台湾省,710000,台湾省,710000,26.919629032
4523,20130521,台湾省,710000,台湾省,710000,26.2709688057
4524,20130522,台湾省,710000,台湾省,710000,26.5446836948
4525,20130523,台湾省,710000,台湾省,710000,26.7839662595
4526,20130524,台湾省,710000,台湾省,710000,26.9403184977
4527,20130525,台湾省,710000,台湾省,710000,27.3030186133
4528,20130526,台湾省,710000,台湾省,710000,27.4794563597
4529,20130527,台湾省,710000,台湾省,710000,29.2986325351
4530,20130528,台湾省,710000,台湾省,710000,29.0545589057
4531,20130529,台湾省,710000,台湾省,710000,29.609156045
4532,20130530,台湾省,710000,台湾省,710000,29.573444063
4533,20130531,台湾省,710000,台湾省,710000,29.4866852544
4534,20130601,台湾省,710000,台湾省,710000,29.4726679759
4535,20130602,台湾省,710000,台湾省,710000,29.2769033909
4536,20130603,台湾省,710000,台湾省,710000,28.688134887
4537,20130604,台湾省,710000,台湾省,710000,27.5826807022
4538,20130605,台湾省,710000,台湾省,710000,27.7640893243
4539,20130606,台湾省,710000,台湾省,710000,28.4430459196
4540,20130607,台湾省,710000,台湾省,710000,29.2698178508
4541,20130608,台湾省,710000,台湾省,710000,30.0474755114
4542,20130609,台湾省,710000,台湾省,710000,29.3879044489
4543,20130610,台湾省,710000,台湾省,710000,27.7623503642
4544,20130611,台湾省,710000,台湾省,710000,28.3950410323
4545,20130612,台湾省,710000,台湾省,710000,27.6282437498
4546,20130613,台湾省,710000,台湾省,710000,27.3191221627
4547,20130614,台湾省,710000,台湾省,710000,27.7576861815
4548,20130615,台湾省,710000,台湾省,710000,28.7076765841
4549,20130616,台湾省,710000,台湾省,710000,28.9555259618
4550,20130617,台湾省,710000,台湾省,710000,29.1553488428
4551,20130618,台湾省,710000,台湾省,710000,29.4344387488
4552,20130619,台湾省,710000,台湾省,710000,29.4985353296
4553,20130620,台湾省,710000,台湾省,710000,29.7158203775
4554,20130621,台湾省,710000,台湾省,710000,28.8822367625
4555,20130622,台湾省,710000,台湾省,710000,29.4308554042
4556,20130623,台湾省,710000,台湾省,710000,28.9006669955
4557,20130624,台湾省,710000,台湾省,710000,28.3024655906
4558,20130625,台湾省,710000,台湾省,710000,28.8526842161
4559,20130626,台湾省,710000,台湾省,710000,30.156059937
4560,20130627,台湾省,710000,台湾省,710000,30.2917765704
4561,20130628,台湾省,710000,台湾省,710000,30.0113146088
4562,20130629,台湾省,710000,台湾省,710000,30.0468565767
4563,20130630,台湾省,710000,台湾省,710000,29.8414012302
4564,20130701,台湾省,710000,台湾省,710000,30.5815835216
4565,20130702,台湾省,710000,台湾省,710000,29.5553880605
4566,20130703,台湾省,710000,台湾省,710000,29.6341822798
4567,20130704,台湾省,710000,台湾省,710000,30.0481722788
4568,20130705,台湾省,710000,台湾省,710000,29.6480390375
4569,20130706,台湾省,710000,台湾省,710000,28.9739135612
4570,20130707,台湾省,710000,台湾省,710000,28.8127839132
4571,20130708,台湾省,710000,台湾省,710000,29.0017991499
4572,20130709,台湾省,710000,台湾省,710000,28.093655803
4573,20130710,台湾省,710000,台湾省,710000,28.7632616
4574,20130711,台湾省,710000,台湾省,710000,29.5519235351
4575,20130712,台湾省,710000,台湾省,710000,29.3487309109
4576,20130713,台湾省,710000,台湾省,710000,26.7879420194
4577,20130714,台湾省,710000,台湾省,710000,27.5661830252
4578,20130715,台湾省,710000,台湾省,710000,28.261230317
4579,20130716,台湾省,710000,台湾省,710000,28.6647537622
4580,20130717,台湾省,710000,台湾省,710000,28.1948888735
4581,20130718,台湾省,710000,台湾省,710000,27.3467297337
4582,20130719,台湾省,710000,台湾省,710000,28.2606004585
4583,20130720,台湾省,710000,台湾省,710000,28.9516476068
4584,20130721,台湾省,710000,台湾省,710000,29.3245534463
4585,20130722,台湾省,710000,台湾省,710000,29.6517910524
4586,20130723,台湾省,710000,台湾省,710000,29.6484954791
4587,20130724,台湾省,710000,台湾省,710000,29.3874971
4588,20130725,台湾省,710000,台湾省,710000,28.4068382653
4589,20130726,台湾省,710000,台湾省,710000,28.5814918605
4590,20130727,台湾省,710000,台湾省,710000,29.3993221846
4591,20130728,台湾省,710000,台湾省,710000,29.3648917458
4592,20130729,台湾省,710000,台湾省,710000,30.0158696825
4593,20130730,台湾省,710000,台湾省,710000,29.7379298427
4594,20130731,台湾省,710000,台湾省,710000,28.9280532924
4595,20130801,台湾省,710000,台湾省,710000,28.4934617389
4596,20130802,台湾省,710000,台湾省,710000,28.7678815235
4597,20130803,台湾省,710000,台湾省,710000,30.2332890901
4598,20130804,台湾省,710000,台湾省,710000,30.023588484
4599,20130805,台湾省,710000,台湾省,710000,30.2855649428
4600,20130806,台湾省,710000,台湾省,710000,30.2783372836
4601,20130807,台湾省,710000,台湾省,710000,29.7882349058
4602,20130808,台湾省,710000,台湾省,710000,30.5037556778
4603,20130809,台湾省,710000,台湾省,710000,30.2244815826
4604,20130810,台湾省,710000,台湾省,710000,29.7614508109
4605,20130811,台湾省,710000,台湾省,710000,30.4884909933
4606,20130812,台湾省,710000,台湾省,710000,30.2291349281
4607,20130813,台湾省,710000,台湾省,710000,29.4151034789
4608,20130814,台湾省,710000,台湾省,710000,27.4284370596
4609,20130815,台湾省,710000,台湾省,710000,27.3914391561
4610,20130816,台湾省,710000,台湾省,710000,28.2713397633
4611,20130817,台湾省,710000,台湾省,710000,28.4405300834
4612,20130818,台湾省,710000,台湾省,710000,29.296554197
4613,20130819,台湾省,710000,台湾省,710000,29.9860632636
4614,20130820,台湾省,710000,台湾省,710000,27.4745701443
4615,20130821,台湾省,710000,台湾省,710000,27.6487819281
4616,20130822,台湾省,710000,台湾省,710000,27.4759101868
4617,20130823,台湾省,710000,台湾省,710000,26.9017656066
4618,20130824,台湾省,710000,台湾省,710000,27.9224407023
4619,20130825,台湾省,710000,台湾省,710000,28.6338687377
4620,20130826,台湾省,710000,台湾省,710000,29.5612325452
4621,20130827,台湾省,710000,台湾省,710000,29.8525007855
4622,20130828,台湾省,710000,台湾省,710000,28.5784763856
4623,20130829,台湾省,710000,台湾省,710000,25.753371087
4624,20130830,台湾省,710000,台湾省,710000,26.6059971072
4625,20130831,台湾省,710000,台湾省,710000,24.9530498981
4626,20130901,台湾省,710000,台湾省,710000,24.2456766692
4627,20130902,台湾省,710000,台湾省,710000,26.0914053483
4628,20130903,台湾省,710000,台湾省,710000,26.6938868653
4629,20130904,台湾省,710000,台湾省,710000,26.4936767058
4630,20130905,台湾省,710000,台湾省,710000,27.601872986
4631,20130906,台湾省,710000,台湾省,710000,28.7876758792
4632,20130907,台湾省,710000,台湾省,710000,28.5419741327
4633,20130908,台湾省,710000,台湾省,710000,28.6521410942
4634,20130909,台湾省,710000,台湾省,710000,28.9137374054
4635,20130910,台湾省,710000,台湾省,710000,29.1114249013
4636,20130911,台湾省,710000,台湾省,710000,29.230059602
4637,20130912,台湾省,710000,台湾省,710000,28.4307127432
4638,20130913,台湾省,710000,台湾省,710000,28.9524487365
4639,20130914,台湾省,710000,台湾省,710000,28.9358440746
4640,20130915,台湾省,710000,台湾省,710000,28.5278671005
4641,20130916,台湾省,710000,台湾省,710000,28.3130072247
4642,20130917,台湾省,710000,台湾省,710000,27.7909610271
4643,20130918,台湾省,710000,台湾省,710000,28.9735001
4644,20130919,台湾省,710000,台湾省,710000,28.7700285478
4645,20130920,台湾省,710000,台湾省,710000,28.7842641744
4646,20130921,台湾省,710000,台湾省,710000,27.8027053963
4647,20130922,台湾省,710000,台湾省,710000,27.7282906446
4648,20130923,台湾省,710000,台湾省,710000,27.9037018256
4649,20130924,台湾省,710000,台湾省,710000,27.8893739093
4650,20130925,台湾省,710000,台湾省,710000,27.6240500103
4651,20130926,台湾省,710000,台湾省,710000,26.2892148928
4652,20130927,台湾省,710000,台湾省,710000,26.7968202071
4653,20130928,台湾省,710000,台湾省,710000,27.4371594949
4654,20130929,台湾省,710000,台湾省,710000,28.0552305525
4655,20130930,台湾省,710000,台湾省,710000,27.7060702497
4656,20131001,台湾省,710000,台湾省,710000,27.39442407
4657,20131002,台湾省,710000,台湾省,710000,26.1839175441
4658,20131003,台湾省,710000,台湾省,710000,24.9728483937
4659,20131004,台湾省,710000,台湾省,710000,25.3169555881
4660,20131005,台湾省,710000,台湾省,710000,25.9611062787
4661,20131006,台湾省,710000,台湾省,710000,26.0974608768
4662,20131007,台湾省,710000,台湾省,710000,27.6584910696
4663,20131008,台湾省,710000,台湾省,710000,27.6901322928
4664,20131009,台湾省,710000,台湾省,710000,27.0932900689
4665,20131010,台湾省,710000,台湾省,710000,27.3901822784
4666,20131011,台湾省,710000,台湾省,710000,27.3871880661
4667,20131012,台湾省,710000,台湾省,710000,26.8284331885
4668,20131013,台湾省,710000,台湾省,710000,26.8482442119
4669,20131014,台湾省,710000,台湾省,710000,26.9263883504
4670,20131015,台湾省,710000,台湾省,710000,25.5003332658
4671,20131016,台湾省,710000,台湾省,710000,22.9383945899
4672,20131017,台湾省,710000,台湾省,710000,24.0245696198
4673,20131018,台湾省,710000,台湾省,710000,24.8706259294
4674,20131019,台湾省,710000,台湾省,710000,25.2721201723
4675,20131020,台湾省,710000,台湾省,710000,25.1171406833
4676,20131021,台湾省,710000,台湾省,710000,23.9131447185
4677,20131022,台湾省,710000,台湾省,710000,23.2903910767
4678,20131023,台湾省,710000,台湾省,710000,23.2297629877
4679,20131024,台湾省,710000,台湾省,710000,22.6806228161
4680,20131025,台湾省,710000,台湾省,710000,21.5961448279
4681,20131026,台湾省,710000,台湾省,710000,21.2486445687
4682,20131027,台湾省,710000,台湾省,710000,22.2925831838
4683,20131028,台湾省,710000,台湾省,710000,23.0356452032
4684,20131029,台湾省,710000,台湾省,710000,24.0076565959
4685,20131030,台湾省,710000,台湾省,710000,24.5059808601
4686,20131031,台湾省,710000,台湾省,710000,24.5846212777
4687,20131101,台湾省,710000,台湾省,710000,25.7784425129
4688,20131102,台湾省,710000,台湾省,710000,24.9802226804
4689,20131103,台湾省,710000,台湾省,710000,24.8489515781
4690,20131104,台湾省,710000,台湾省,710000,23.7456471053
4691,20131105,台湾省,710000,台湾省,710000,23.9522889961
4692,20131106,台湾省,710000,台湾省,710000,24.4183082147
4693,20131107,台湾省,710000,台湾省,710000,24.6692051021
4694,20131108,台湾省,710000,台湾省,710000,25.9475111528
4695,20131109,台湾省,710000,台湾省,710000,25.7677967115
4696,20131110,台湾省,710000,台湾省,710000,26.3246164322
4697,20131111,台湾省,710000,台湾省,710000,23.0772814751
4698,20131112,台湾省,710000,台湾省,710000,22.7868340666
4699,20131113,台湾省,710000,台湾省,710000,22.7181360722
4700,20131114,台湾省,710000,台湾省,710000,23.8723359975
4701,20131115,台湾省,710000,台湾省,710000,22.8531879945
4702,20131116,台湾省,710000,台湾省,710000,21.8683760166
4703,20131117,台湾省,710000,台湾省,710000,20.2727583972
4704,20131118,台湾省,710000,台湾省,710000,19.107322151
4705,20131119,台湾省,710000,台湾省,710000,19.1807094271
4706,20131120,台湾省,710000,台湾省,710000,20.5657485615
4707,20131121,台湾省,710000,台湾省,710000,21.8256701123
4708,20131122,台湾省,710000,台湾省,710000,20.9008923444
4709,20131123,台湾省,710000,台湾省,710000,23.1345001134
4710,20131124,台湾省,710000,台湾省,710000,23.0724386085
4711,20131125,台湾省,710000,台湾省,710000,19.3109986349
4712,20131126,台湾省,710000,台湾省,710000,20.8968151916
4713,20131127,台湾省,710000,台湾省,710000,20.3431467793
4714,20131128,台湾省,710000,台湾省,710000,15.394740419
4715,20131129,台湾省,710000,台湾省,710000,14.952978676
4716,20131130,台湾省,710000,台湾省,710000,17.5907050046
4717,20131201,台湾省,710000,台湾省,710000,18.1212206104
4718,20131202,台湾省,710000,台湾省,710000,18.5089348013
4719,20131203,台湾省,710000,台湾省,710000,18.5137935768
4720,20131204,台湾省,710000,台湾省,710000,18.5025338043
4721,20131205,台湾省,710000,台湾省,710000,19.2645145546
4722,20131206,台湾省,710000,台湾省,710000,20.5755776059
4723,20131207,台湾省,710000,台湾省,710000,21.4134129394
4724,20131208,台湾省,710000,台湾省,710000,22.4046389623
4725,20131209,台湾省,710000,台湾省,710000,21.2794160843
4726,20131210,台湾省,710000,台湾省,710000,17.9220871383
4727,20131211,台湾省,710000,台湾省,710000,17.3060906584
4728,20131212,台湾省,710000,台湾省,710000,18.9792529236
4729,20131213,台湾省,710000,台湾省,710000,19.9899736751
4730,20131214,台湾省,710000,台湾省,710000,20.6554813385
4731,20131215,台湾省,710000,台湾省,710000,20.6327755451
4732,20131216,台湾省,710000,台湾省,710000,20.584849466
4733,20131217,台湾省,710000,台湾省,710000,17.1934153275
4734,20131218,台湾省,710000,台湾省,710000,15.4976141019
4735,20131219,台湾省,710000,台湾省,710000,14.7366242517
4736,20131220,台湾省,710000,台湾省,710000,15.047157862
4737,20131221,台湾省,710000,台湾省,710000,14.8635559841
4738,20131222,台湾省,710000,台湾省,710000,16.2779477401
4739,20131223,台湾省,710000,台湾省,710000,17.5090338859
4740,20131224,台湾省,710000,台湾省,710000,16.6825037653
4741,20131225,台湾省,710000,台湾省,710000,17.6807678504
4742,20131226,台湾省,710000,台湾省,710000,15.3434888016
4743,20131227,台湾省,710000,台湾省,710000,12.3851886012
4744,20131228,台湾省,710000,台湾省,710000,14.2338028604
4745,20131229,台湾省,710000,台湾省,710000,13.9784896699
4746,20131230,台湾省,710000,台湾省,710000,16.7942326177
4747,20131231,台湾省,710000,台湾省,710000,17.384702585
4748,20140101,台湾省,710000,台湾省,710000,18.8965742371
4749,20140102,台湾省,710000,台湾省,710000,20.9231262424
4750,20140103,台湾省,710000,台湾省,710000,21.2983800281
4751,20140104,台湾省,710000,台湾省,710000,17.8889029134
4752,20140105,台湾省,710000,台湾省,710000,17.1511865746
4753,20140106,台湾省,710000,台湾省,710000,18.3453872421
4754,20140107,台湾省,710000,台湾省,710000,19.3709419857
4755,20140108,台湾省,710000,台湾省,710000,19.3775255247
4756,20140109,台湾省,710000,台湾省,710000,15.2493983941
4757,20140110,台湾省,710000,台湾省,710000,16.8446131294
4758,20140111,台湾省,710000,台湾省,710000,18.6618484367
4759,20140112,台湾省,710000,台湾省,710000,18.0593285886
4760,20140113,台湾省,710000,台湾省,710000,16.5456838174
4761,20140114,台湾省,710000,台湾省,710000,15.8066276204
4762,20140115,台湾省,710000,台湾省,710000,15.6207543286
4763,20140116,台湾省,710000,台湾省,710000,16.607863643
4764,20140117,台湾省,710000,台湾省,710000,17.3284799619
4765,20140118,台湾省,710000,台湾省,710000,15.153249383
4766,20140119,台湾省,710000,台湾省,710000,16.2658480081
4767,20140120,台湾省,710000,台湾省,710000,16.7179397886
4768,20140121,台湾省,710000,台湾省,710000,13.2870860317
4769,20140122,台湾省,710000,台湾省,710000,13.4003422369
4770,20140123,台湾省,710000,台湾省,710000,15.5114974217
4771,20140124,台湾省,710000,台湾省,710000,16.9375591928
4772,20140125,台湾省,710000,台湾省,710000,19.1695347916
4773,20140126,台湾省,710000,台湾省,710000,17.215912949
4774,20140127,台湾省,710000,台湾省,710000,17.5016052723
4775,20140128,台湾省,710000,台湾省,710000,19.0660288767
4776,20140129,台湾省,710000,台湾省,710000,18.9649269147
4777,20140130,台湾省,710000,台湾省,710000,19.3699046265
4778,20140131,台湾省,710000,台湾省,710000,20.2555428418
4779,20140201,台湾省,710000,台湾省,710000,21.4797100371
4780,20140202,台湾省,710000,台湾省,710000,22.3666970296
4781,20140203,台湾省,710000,台湾省,710000,21.7005167658
4782,20140204,台湾省,710000,台湾省,710000,17.7851171494
4783,20140205,台湾省,710000,台湾省,710000,19.4795896357
4784,20140206,台湾省,710000,台湾省,710000,21.2028154893
4785,20140207,台湾省,710000,台湾省,710000,20.0028572949
4786,20140208,台湾省,710000,台湾省,710000,17.2362898046
4787,20140209,台湾省,710000,台湾省,710000,15.6254131902
4788,20140210,台湾省,710000,台湾省,710000,11.1779428612
4789,20140211,台湾省,710000,台湾省,710000,11.3574900085
4790,20140212,台湾省,710000,台湾省,710000,15.0140735886
4791,20140213,台湾省,710000,台湾省,710000,15.1418580034
4792,20140214,台湾省,710000,台湾省,710000,13.858763543
4793,20140215,台湾省,710000,台湾省,710000,15.4712948691
4794,20140216,台湾省,710000,台湾省,710000,17.9153119651
4795,20140217,台湾省,710000,台湾省,710000,20.632900043
4796,20140218,台湾省,710000,台湾省,710000,18.7358328646
4797,20140219,台湾省,710000,台湾省,710000,13.4136050831
4798,20140220,台湾省,710000,台湾省,710000,12.8715388233
4799,20140221,台湾省,710000,台湾省,710000,15.6964003173
4800,20140222,台湾省,710000,台湾省,710000,17.5484160293
4801,20140223,台湾省,710000,台湾省,710000,18.5211280259
4802,20140224,台湾省,710000,台湾省,710000,18.7829066407
4803,20140225,台湾省,710000,台湾省,710000,20.1998701312
4804,20140226,台湾省,710000,台湾省,710000,21.1004240079
4805,20140227,台湾省,710000,台湾省,710000,20.5681292577
4806,20140228,台湾省,710000,台湾省,710000,20.6009976647
4807,20140301,台湾省,710000,台湾省,710000,21.1182451031
4808,20140302,台湾省,710000,台湾省,710000,17.4068166126
4809,20140303,台湾省,710000,台湾省,710000,17.6514059522
4810,20140304,台湾省,710000,台湾省,710000,18.4245905118
4811,20140305,台湾省,710000,台湾省,710000,17.145765608
4812,20140306,台湾省,710000,台湾省,710000,16.379180724
4813,20140307,台湾省,710000,台湾省,710000,17.4058599797
4814,20140308,台湾省,710000,台湾省,710000,16.7744036263
4815,20140309,台湾省,710000,台湾省,710000,15.6859751398
4816,20140310,台湾省,710000,台湾省,710000,17.2517737909
4817,20140311,台湾省,710000,台湾省,710000,18.471134641
4818,20140312,台湾省,710000,台湾省,710000,20.575261918
4819,20140313,台湾省,710000,台湾省,710000,18.1277913072
4820,20140314,台湾省,710000,台湾省,710000,16.5262536352
4821,20140315,台湾省,710000,台湾省,710000,18.6841741475
4822,20140316,台湾省,710000,台湾省,710000,19.4251478802
4823,20140317,台湾省,710000,台湾省,710000,21.9069237276
4824,20140318,台湾省,710000,台湾省,710000,23.6497481736
4825,20140319,台湾省,710000,台湾省,710000,24.5157581676
4826,20140320,台湾省,710000,台湾省,710000,19.0404057719
4827,20140321,台湾省,710000,台湾省,710000,15.6118304188
4828,20140322,台湾省,710000,台湾省,710000,18.347980781
4829,20140323,台湾省,710000,台湾省,710000,20.3915904652
4830,20140324,台湾省,710000,台湾省,710000,21.4360571341
4831,20140325,台湾省,710000,台湾省,710000,23.6196201281
4832,20140326,台湾省,710000,台湾省,710000,24.9920186346
4833,20140327,台湾省,710000,台湾省,710000,25.1075625636
4834,20140328,台湾省,710000,台湾省,710000,25.8327110247
4835,20140329,台湾省,710000,台湾省,710000,26.3412880681
4836,20140330,台湾省,710000,台湾省,710000,23.7998399951
4837,20140331,台湾省,710000,台湾省,710000,21.947220954
4838,20140401,台湾省,710000,台湾省,710000,20.7037296078
4839,20140402,台湾省,710000,台湾省,710000,20.5110135295
4840,20140403,台湾省,710000,台湾省,710000,21.083435362
4841,20140404,台湾省,710000,台湾省,710000,19.7843444131
4842,20140405,台湾省,710000,台湾省,710000,21.98361982
4843,20140406,台湾省,710000,台湾省,710000,21.6689203219
4844,20140407,台湾省,710000,台湾省,710000,20.610181375
4845,20140408,台湾省,710000,台湾省,710000,23.2535550594
4846,20140409,台湾省,710000,台湾省,710000,23.3542636525
4847,20140410,台湾省,710000,台湾省,710000,23.9600747932
4848,20140411,台湾省,710000,台湾省,710000,24.5457528504
4849,20140412,台湾省,710000,台湾省,710000,25.7345151901
4850,20140413,台湾省,710000,台湾省,710000,25.5972099304
4851,20140414,台湾省,710000,台湾省,710000,22.1244952895
4852,20140415,台湾省,710000,台湾省,710000,22.9510436275
4853,20140416,台湾省,710000,台湾省,710000,24.2552697659
4854,20140417,台湾省,710000,台湾省,710000,25.4364926382
4855,20140418,台湾省,710000,台湾省,710000,25.6871799339
4856,20140419,台湾省,710000,台湾省,710000,25.6554901383
4857,20140420,台湾省,710000,台湾省,710000,24.4866724231
4858,20140421,台湾省,710000,台湾省,710000,25.3564275828
4859,20140422,台湾省,710000,台湾省,710000,23.7227468491
4860,20140423,台湾省,710000,台湾省,710000,23.1393661933
4861,20140424,台湾省,710000,台湾省,710000,24.5870419199
4862,20140425,台湾省,710000,台湾省,710000,25.3648419597
4863,20140426,台湾省,710000,台湾省,710000,25.3794033744
4864,20140427,台湾省,710000,台湾省,710000,26.0715040727
4865,20140428,台湾省,710000,台湾省,710000,24.2102305022
4866,20140429,台湾省,710000,台湾省,710000,23.9363912019
4867,20140430,台湾省,710000,台湾省,710000,22.6904292107
4868,20140501,台湾省,710000,台湾省,710000,22.3744235472
4869,20140502,台湾省,710000,台湾省,710000,24.9760446548
4870,20140503,台湾省,710000,台湾省,710000,24.516523708
4871,20140504,台湾省,710000,台湾省,710000,24.942950097
4872,20140505,台湾省,710000,台湾省,710000,20.7143847509
4873,20140506,台湾省,710000,台湾省,710000,20.3698317788
4874,20140507,台湾省,710000,台湾省,710000,22.7031792727
4875,20140508,台湾省,710000,台湾省,710000,25.0649970662
4876,20140509,台湾省,710000,台湾省,710000,23.6177637577
4877,20140510,台湾省,710000,台湾省,710000,25.8590006612
4878,20140511,台湾省,710000,台湾省,710000,28.0290277871
4879,20140512,台湾省,710000,台湾省,710000,27.4005743374
4880,20140513,台湾省,710000,台湾省,710000,26.7479711446
4881,20140514,台湾省,710000,台湾省,710000,29.4002819495
4882,20140515,台湾省,710000,台湾省,710000,27.0426527153
4883,20140516,台湾省,710000,台湾省,710000,26.2374671156
4884,20140517,台湾省,710000,台湾省,710000,28.3550779169
4885,20140518,台湾省,710000,台湾省,710000,27.3693826849
4886,20140519,台湾省,710000,台湾省,710000,26.2894130187
4887,20140520,台湾省,710000,台湾省,710000,25.686612476
4888,20140521,台湾省,710000,台湾省,710000,23.5801912004
4889,20140522,台湾省,710000,台湾省,710000,26.7340577516
4890,20140523,台湾省,710000,台湾省,710000,26.054814252
4891,20140524,台湾省,710000,台湾省,710000,27.8799643083
4892,20140525,台湾省,710000,台湾省,710000,28.5857735981
4893,20140526,台湾省,710000,台湾省,710000,29.0875778632
4894,20140527,台湾省,710000,台湾省,710000,28.0982280861
4895,20140528,台湾省,710000,台湾省,710000,27.8254013062
4896,20140529,台湾省,710000,台湾省,710000,27.1958297599
4897,20140530,台湾省,710000,台湾省,710000,27.913999926
4898,20140531,台湾省,710000,台湾省,710000,28.5499991504
4899,20140601,台湾省,710000,台湾省,710000,29.1095883196
4900,20140602,台湾省,710000,台湾省,710000,29.8742786754
4901,20140603,台湾省,710000,台湾省,710000,26.4530460835
4902,20140604,台湾省,710000,台湾省,710000,27.7188858769
4903,20140605,台湾省,710000,台湾省,710000,26.7821394747
4904,20140606,台湾省,710000,台湾省,710000,26.6181945584
4905,20140607,台湾省,710000,台湾省,710000,26.9142602357
4906,20140608,台湾省,710000,台湾省,710000,26.8401551897
4907,20140609,台湾省,710000,台湾省,710000,27.3139215816
4908,20140610,台湾省,710000,台湾省,710000,27.2569712942
4909,20140611,台湾省,710000,台湾省,710000,26.4476491321
4910,20140612,台湾省,710000,台湾省,710000,27.3784741055
4911,20140613,台湾省,710000,台湾省,710000,26.6584710858
4912,20140614,台湾省,710000,台湾省,710000,27.1462816759
4913,20140615,台湾省,710000,台湾省,710000,27.1138008074
4914,20140616,台湾省,710000,台湾省,710000,29.0464250825
4915,20140617,台湾省,710000,台湾省,710000,29.479766824
4916,20140618,台湾省,710000,台湾省,710000,29.29625043
4917,20140619,台湾省,710000,台湾省,710000,29.0824699402
4918,20140620,台湾省,710000,台湾省,710000,29.0393440723
4919,20140621,台湾省,710000,台湾省,710000,29.405714902
4920,20140622,台湾省,710000,台湾省,710000,29.2169633779
4921,20140623,台湾省,710000,台湾省,710000,28.8575983264
4922,20140624,台湾省,710000,台湾省,710000,28.6649666699
4923,20140625,台湾省,710000,台湾省,710000,28.8852079131
4924,20140626,台湾省,710000,台湾省,710000,29.3953402909
4925,20140627,台湾省,710000,台湾省,710000,29.6169875318
4926,20140628,台湾省,710000,台湾省,710000,29.7462902286
4927,20140629,台湾省,710000,台湾省,710000,29.2405611385
4928,20140630,台湾省,710000,台湾省,710000,29.3558421135
4929,20140701,台湾省,710000,台湾省,710000,29.6275644302
4930,20140702,台湾省,710000,台湾省,710000,30.2809355042
4931,20140703,台湾省,710000,台湾省,710000,30.5797464848
4932,20140704,台湾省,710000,台湾省,710000,30.2670838833
4933,20140705,台湾省,710000,台湾省,710000,30.4186251597
4934,20140706,台湾省,710000,台湾省,710000,30.9683673382
4935,20140707,台湾省,710000,台湾省,710000,30.7871349075
4936,20140708,台湾省,710000,台湾省,710000,29.6994991302
4937,20140709,台湾省,710000,台湾省,710000,31.1613075733
4938,20140710,台湾省,710000,台湾省,710000,30.4210941792
4939,20140711,台湾省,710000,台湾省,710000,30.2551968531
4940,20140712,台湾省,710000,台湾省,710000,31.5489957333
4941,20140713,台湾省,710000,台湾省,710000,31.084715193
4942,20140714,台湾省,710000,台湾省,710000,30.595318079
4943,20140715,台湾省,710000,台湾省,710000,30.3394870758
4944,20140716,台湾省,710000,台湾省,710000,30.4477973635
4945,20140717,台湾省,710000,台湾省,710000,30.2556528612
4946,20140718,台湾省,710000,台湾省,710000,29.4118434516
4947,20140719,台湾省,710000,台湾省,710000,29.6835788597
4948,20140720,台湾省,710000,台湾省,710000,30.1607843096
4949,20140721,台湾省,710000,台湾省,710000,30.4687884287
4950,20140722,台湾省,710000,台湾省,710000,28.8733030883
4951,20140723,台湾省,710000,台湾省,710000,27.3006129915
4952,20140724,台湾省,710000,台湾省,710000,29.0269022638
4953,20140725,台湾省,710000,台湾省,710000,28.4162234176
4954,20140726,台湾省,710000,台湾省,710000,29.5758677396
4955,20140727,台湾省,710000,台湾省,710000,29.596832969
4956,20140728,台湾省,710000,台湾省,710000,29.5388962789
4957,20140729,台湾省,710000,台湾省,710000,30.0250856009
4958,20140730,台湾省,710000,台湾省,710000,30.2140089165
4959,20140731,台湾省,710000,台湾省,710000,29.8077278137
4960,20140801,台湾省,710000,台湾省,710000,30.3834011555
4961,20140802,台湾省,710000,台湾省,710000,30.0924161998
4962,20140803,台湾省,710000,台湾省,710000,29.7197497108
4963,20140804,台湾省,710000,台湾省,710000,29.1757687005
4964,20140805,台湾省,710000,台湾省,710000,28.6608120311
4965,20140806,台湾省,710000,台湾省,710000,29.3839121082
4966,20140807,台湾省,710000,台湾省,710000,29.3173335682
4967,20140808,台湾省,710000,台湾省,710000,29.5190998207
4968,20140809,台湾省,710000,台湾省,710000,29.0056552237
4969,20140810,台湾省,710000,台湾省,710000,28.577182358
4970,20140811,台湾省,710000,台湾省,710000,28.2819436897
4971,20140812,台湾省,710000,台湾省,710000,27.7517864704
4972,20140813,台湾省,710000,台湾省,710000,27.3621003194
4973,20140814,台湾省,710000,台湾省,710000,29.6829856743
4974,20140815,台湾省,710000,台湾省,710000,29.8078457225
4975,20140816,台湾省,710000,台湾省,710000,29.3671302145
4976,20140817,台湾省,710000,台湾省,710000,29.4759115523
4977,20140818,台湾省,710000,台湾省,710000,27.6601554697
4978,20140819,台湾省,710000,台湾省,710000,27.4061662284
4979,20140820,台湾省,710000,台湾省,710000,28.2399851409
4980,20140821,台湾省,710000,台湾省,710000,28.8213864023
4981,20140822,台湾省,710000,台湾省,710000,28.9593400088
4982,20140823,台湾省,710000,台湾省,710000,28.9886051958
4983,20140824,台湾省,710000,台湾省,710000,29.4879434325
4984,20140825,台湾省,710000,台湾省,710000,29.3758517395
4985,20140826,台湾省,710000,台湾省,710000,29.7738311724
4986,20140827,台湾省,710000,台湾省,710000,29.2847178199
4987,20140828,台湾省,710000,台湾省,710000,29.62748909
4988,20140829,台湾省,710000,台湾省,710000,29.3549667705
4989,20140830,台湾省,710000,台湾省,710000,28.8443893303
4990,20140831,台湾省,710000,台湾省,710000,29.0957380425
4991,20140901,台湾省,710000,台湾省,710000,29.3247934255
4992,20140902,台湾省,710000,台湾省,710000,29.7362291596
4993,20140903,台湾省,710000,台湾省,710000,29.9666145065
4994,20140904,台湾省,710000,台湾省,710000,29.2453143163
4995,20140905,台湾省,710000,台湾省,710000,30.1966693835
4996,20140906,台湾省,710000,台湾省,710000,30.1074481877
4997,20140907,台湾省,710000,台湾省,710000,29.6253625263
4998,20140908,台湾省,710000,台湾省,710000,29.3301944299
4999,20140909,台湾省,710000,台湾省,710000,29.2848615863
5000,20140910,台湾省,710000,台湾省,710000,29.2602603219
5001,20140911,台湾省,710000,台湾省,710000,29.593166308
5002,20140912,台湾省,710000,台湾省,710000,29.2522174012
5003,20140913,台湾省,710000,台湾省,710000,29.6888310042
5004,20140914,台湾省,710000,台湾省,710000,30.2491635843
5005,20140915,台湾省,710000,台湾省,710000,31.0194802934
5006,20140916,台湾省,710000,台湾省,710000,30.2155208371
5007,20140917,台湾省,710000,台湾省,710000,29.7650970979
5008,20140918,台湾省,710000,台湾省,710000,30.2797680118
5009,20140919,台湾省,710000,台湾省,710000,29.7758853436
5010,20140920,台湾省,710000,台湾省,710000,28.5516462109
5011,20140921,台湾省,710000,台湾省,710000,26.7162976482
5012,20140922,台湾省,710000,台湾省,710000,27.3807137663
5013,20140923,台湾省,710000,台湾省,710000,27.5969582254
5014,20140924,台湾省,710000,台湾省,710000,27.9247949557
5015,20140925,台湾省,710000,台湾省,710000,28.1763563373
5016,20140926,台湾省,710000,台湾省,710000,28.0044077743
5017,20140927,台湾省,710000,台湾省,710000,28.1538427526
5018,20140928,台湾省,710000,台湾省,710000,27.7999649915
5019,20140929,台湾省,710000,台湾省,710000,28.1217862693
5020,20140930,台湾省,710000,台湾省,710000,28.5240162719
5021,20141001,台湾省,710000,台湾省,710000,27.2888568098
5022,20141002,台湾省,710000,台湾省,710000,27.18408331
5023,20141003,台湾省,710000,台湾省,710000,26.4437951175
5024,20141004,台湾省,710000,台湾省,710000,25.2384692756
5025,20141005,台湾省,710000,台湾省,710000,25.3924456293
5026,20141006,台湾省,710000,台湾省,710000,25.0852409493
5027,20141007,台湾省,710000,台湾省,710000,24.7691234675
5028,20141008,台湾省,710000,台湾省,710000,25.3721372214
5029,20141009,台湾省,710000,台湾省,710000,26.1812291579
5030,20141010,台湾省,710000,台湾省,710000,26.3945431493
5031,20141011,台湾省,710000,台湾省,710000,25.4662815874
5032,20141012,台湾省,710000,台湾省,710000,25.3431742842
5033,20141013,台湾省,710000,台湾省,710000,24.0633434382
5034,20141014,台湾省,710000,台湾省,710000,22.9219620011
5035,20141015,台湾省,710000,台湾省,710000,22.6660640023
5036,20141016,台湾省,710000,台湾省,710000,23.2094347043
5037,20141017,台湾省,710000,台湾省,710000,24.6821872104
5038,20141018,台湾省,710000,台湾省,710000,25.026237011
5039,20141019,台湾省,710000,台湾省,710000,25.6779479547
5040,20141020,台湾省,710000,台湾省,710000,26.6335027868
5041,20141021,台湾省,710000,台湾省,710000,27.2155835195
5042,20141022,台湾省,710000,台湾省,710000,25.2887447747
5043,20141023,台湾省,710000,台湾省,710000,24.2600507086
5044,20141024,台湾省,710000,台湾省,710000,24.9269091216
5045,20141025,台湾省,710000,台湾省,710000,25.1326013045
5046,20141026,台湾省,710000,台湾省,710000,26.2429228046
5047,20141027,台湾省,710000,台湾省,710000,25.541024815
5048,20141028,台湾省,710000,台湾省,710000,24.6714501381
5049,20141029,台湾省,710000,台湾省,710000,25.8369327242
5050,20141030,台湾省,710000,台湾省,710000,25.8740593303
5051,20141031,台湾省,710000,台湾省,710000,25.4030128176
5052,20141101,台湾省,710000,台湾省,710000,25.6529803926
5053,20141102,台湾省,710000,台湾省,710000,23.9167874076
5054,20141103,台湾省,710000,台湾省,710000,21.7281635024
5055,20141104,台湾省,710000,台湾省,710000,21.8786027431
5056,20141105,台湾省,710000,台湾省,710000,23.0088694312
5057,20141106,台湾省,710000,台湾省,710000,23.2880765525
5058,20141107,台湾省,710000,台湾省,710000,23.6612951322
5059,20141108,台湾省,710000,台湾省,710000,24.4989174279
5060,20141109,台湾省,710000,台湾省,710000,22.7177912105
5061,20141110,台湾省,710000,台湾省,710000,23.0772221955
5062,20141111,台湾省,710000,台湾省,710000,23.2363790165
5063,20141112,台湾省,710000,台湾省,710000,21.6287435618
5064,20141113,台湾省,710000,台湾省,710000,20.4267853607
5065,20141114,台湾省,710000,台湾省,710000,21.0737522082
5066,20141115,台湾省,710000,台湾省,710000,21.8542559797
5067,20141116,台湾省,710000,台湾省,710000,22.9821705168
5068,20141117,台湾省,710000,台湾省,710000,20.9594762759
5069,20141118,台湾省,710000,台湾省,710000,20.7896412503
5070,20141119,台湾省,710000,台湾省,710000,21.4806059924
5071,20141120,台湾省,710000,台湾省,710000,22.0796248046
5072,20141121,台湾省,710000,台湾省,710000,22.9265415668
5073,20141122,台湾省,710000,台湾省,710000,23.8837111863
5074,20141123,台湾省,710000,台湾省,710000,23.8300344294
5075,20141124,台湾省,710000,台湾省,710000,23.4855080084
5076,20141125,台湾省,710000,台湾省,710000,23.3963853229
5077,20141126,台湾省,710000,台湾省,710000,23.6759245396
5078,20141127,台湾省,710000,台湾省,710000,24.3043391054
5079,20141128,台湾省,710000,台湾省,710000,24.4793952595
5080,20141129,台湾省,710000,台湾省,710000,25.7492414605
5081,20141130,台湾省,710000,台湾省,710000,24.9977940863
5082,20141201,台湾省,710000,台湾省,710000,18.9628506574
5083,20141202,台湾省,710000,台湾省,710000,17.8195171573
5084,20141203,台湾省,710000,台湾省,710000,20.9887917042
5085,20141204,台湾省,710000,台湾省,710000,15.3855896213
5086,20141205,台湾省,710000,台湾省,710000,15.6971361745
5087,20141206,台湾省,710000,台湾省,710000,17.6861060858
5088,20141207,台湾省,710000,台湾省,710000,19.7318395051
5089,20141208,台湾省,710000,台湾省,710000,18.9595665932
5090,20141209,台湾省,710000,台湾省,710000,20.1798378554
5091,20141210,台湾省,710000,台湾省,710000,21.3801067526
5092,20141211,台湾省,710000,台湾省,710000,18.6737038981
5093,20141212,台湾省,710000,台湾省,710000,15.3760974841
5094,20141213,台湾省,710000,台湾省,710000,15.8412537358
5095,20141214,台湾省,710000,台湾省,710000,18.3381095149
5096,20141215,台湾省,710000,台湾省,710000,19.9799214927
5097,20141216,台湾省,710000,台湾省,710000,15.4221992818
5098,20141217,台湾省,710000,台湾省,710000,12.8975410028
5099,20141218,台湾省,710000,台湾省,710000,16.5592843294
5100,20141219,台湾省,710000,台湾省,710000,16.5471510454
5101,20141220,台湾省,710000,台湾省,710000,16.5823054422
5102,20141221,台湾省,710000,台湾省,710000,15.8434638977
5103,20141222,台湾省,710000,台湾省,710000,14.8931825269
5104,20141223,台湾省,710000,台湾省,710000,18.3254624497
5105,20141224,台湾省,710000,台湾省,710000,19.9237064882
5106,20141225,台湾省,710000,台湾省,710000,17.1185063991
5107,20141226,台湾省,710000,台湾省,710000,17.1551196792
5108,20141227,台湾省,710000,台湾省,710000,17.158421874
5109,20141228,台湾省,710000,台湾省,710000,15.7749596401
5110,20141229,台湾省,710000,台湾省,710000,15.1244295294
5111,20141230,台湾省,710000,台湾省,710000,16.3903545791
5112,20141231,台湾省,710000,台湾省,710000,17.225832148
5113,20150101,台湾省,710000,台湾省,710000,14.1495036212
5114,20150102,台湾省,710000,台湾省,710000,14.6385954944
5115,20150103,台湾省,710000,台湾省,710000,16.1576476314
5116,20150104,台湾省,710000,台湾省,710000,17.7348415418
5117,20150105,台湾省,710000,台湾省,710000,20.1849613406
5118,20150106,台湾省,710000,台湾省,710000,20.4643417488
5119,20150107,台湾省,710000,台湾省,710000,15.3002590591
5120,20150108,台湾省,710000,台湾省,710000,14.5939971425
5121,20150109,台湾省,710000,台湾省,710000,16.1313045133
5122,20150110,台湾省,710000,台湾省,710000,16.8151585622
5123,20150111,台湾省,710000,台湾省,710000,18.5035022172
5124,20150112,台湾省,710000,台湾省,710000,18.5903031393
5125,20150113,台湾省,710000,台湾省,710000,18.5385063128
5126,20150114,台湾省,710000,台湾省,710000,15.7883742397
5127,20150115,台湾省,710000,台湾省,710000,16.2364088622
5128,20150116,台湾省,710000,台湾省,710000,16.6265479651
5129,20150117,台湾省,710000,台湾省,710000,15.1997326612
5130,20150118,台湾省,710000,台湾省,710000,16.2532015605
5131,20150119,台湾省,710000,台湾省,710000,16.0484978611
5132,20150120,台湾省,710000,台湾省,710000,18.4385168552
5133,20150121,台湾省,710000,台湾省,710000,16.5874943191
5134,20150122,台湾省,710000,台湾省,710000,15.078778061
5135,20150123,台湾省,710000,台湾省,710000,15.2396341454
5136,20150124,台湾省,710000,台湾省,710000,17.2483389594
5137,20150125,台湾省,710000,台湾省,710000,19.1098664891
5138,20150126,台湾省,710000,台湾省,710000,18.8247420788
5139,20150127,台湾省,710000,台湾省,710000,17.3120045445
5140,20150128,台湾省,710000,台湾省,710000,16.7439778826
5141,20150129,台湾省,710000,台湾省,710000,18.198699431
5142,20150130,台湾省,710000,台湾省,710000,15.7101377682
5143,20150131,台湾省,710000,台湾省,710000,15.1920369972
5144,20150201,台湾省,710000,台湾省,710000,16.623872757
5145,20150202,台湾省,710000,台湾省,710000,17.6898455511
5146,20150203,台湾省,710000,台湾省,710000,16.595385118
5147,20150204,台湾省,710000,台湾省,710000,14.8876299533
5148,20150205,台湾省,710000,台湾省,710000,12.7412665866
5149,20150206,台湾省,710000,台湾省,710000,13.3682314157
5150,20150207,台湾省,710000,台湾省,710000,16.5524004915
5151,20150208,台湾省,710000,台湾省,710000,13.6065817638
5152,20150209,台湾省,710000,台湾省,710000,12.328503457
5153,20150210,台湾省,710000,台湾省,710000,13.8884927034
5154,20150211,台湾省,710000,台湾省,710000,15.9173143235
5155,20150212,台湾省,710000,台湾省,710000,15.5615495985
5156,20150213,台湾省,710000,台湾省,710000,17.3792268905
5157,20150214,台湾省,710000,台湾省,710000,19.2309360071
5158,20150215,台湾省,710000,台湾省,710000,19.8734100949
5159,20150216,台湾省,710000,台湾省,710000,19.7717202577
5160,20150217,台湾省,710000,台湾省,710000,18.9183661721
5161,20150218,台湾省,710000,台湾省,710000,18.4172001318
5162,20150219,台湾省,710000,台湾省,710000,17.9413094954
5163,20150220,台湾省,710000,台湾省,710000,18.5149289911
5164,20150221,台湾省,710000,台湾省,710000,20.6181892048
5165,20150222,台湾省,710000,台湾省,710000,20.2441372221
5166,20150223,台湾省,710000,台湾省,710000,19.3183377006
5167,20150224,台湾省,710000,台湾省,710000,19.3338969621
5168,20150225,台湾省,710000,台湾省,710000,21.1218519428
5169,20150226,台湾省,710000,台湾省,710000,20.5579340024
5170,20150227,台湾省,710000,台湾省,710000,19.5956242518
5171,20150228,台湾省,710000,台湾省,710000,19.6084970344
5172,20150301,台湾省,710000,台湾省,710000,16.0548966364
5173,20150302,台湾省,710000,台湾省,710000,17.730399186
5174,20150303,台湾省,710000,台湾省,710000,20.3779152523
5175,20150304,台湾省,710000,台湾省,710000,16.9321262295
5176,20150305,台湾省,710000,台湾省,710000,18.7132548419
5177,20150306,台湾省,710000,台湾省,710000,18.3216432225
5178,20150307,台湾省,710000,台湾省,710000,18.7798853137
5179,20150308,台湾省,710000,台湾省,710000,19.9923393293
5180,20150309,台湾省,710000,台湾省,710000,18.6005920172
5181,20150310,台湾省,710000,台湾省,710000,14.2554273389
5182,20150311,台湾省,710000,台湾省,710000,15.060222073
5183,20150312,台湾省,710000,台湾省,710000,15.2476075454
5184,20150313,台湾省,710000,台湾省,710000,19.2766018564
5185,20150314,台湾省,710000,台湾省,710000,20.9620865042
5186,20150315,台湾省,710000,台湾省,710000,23.3025215106
5187,20150316,台湾省,710000,台湾省,710000,23.3587341525
5188,20150317,台湾省,710000,台湾省,710000,23.880493099
5189,20150318,台湾省,710000,台湾省,710000,24.5329685645
5190,20150319,台湾省,710000,台湾省,710000,24.0384886915
5191,20150320,台湾省,710000,台湾省,710000,22.3827351657
5192,20150321,台湾省,710000,台湾省,710000,21.1392859112
5193,20150322,台湾省,710000,台湾省,710000,21.1916029237
5194,20150323,台湾省,710000,台湾省,710000,18.0756310116
5195,20150324,台湾省,710000,台湾省,710000,18.5848806013
5196,20150325,台湾省,710000,台湾省,710000,17.1484279958
5197,20150326,台湾省,710000,台湾省,710000,19.9108974283
5198,20150327,台湾省,710000,台湾省,710000,19.1494769617
5199,20150328,台湾省,710000,台湾省,710000,19.8560589877
5200,20150329,台湾省,710000,台湾省,710000,22.6097721187
5201,20150330,台湾省,710000,台湾省,710000,24.8017209443
5202,20150331,台湾省,710000,台湾省,710000,25.3698135289
5203,20150401,台湾省,710000,台湾省,710000,25.7171345407
5204,20150402,台湾省,710000,台湾省,710000,25.9518116821
5205,20150403,台湾省,710000,台湾省,710000,26.0301625729
5206,20150404,台湾省,710000,台湾省,710000,26.4318231019
5207,20150405,台湾省,710000,台湾省,710000,26.8095133955
5208,20150406,台湾省,710000,台湾省,710000,25.4909359975
5209,20150407,台湾省,710000,台湾省,710000,20.5868860592
5210,20150408,台湾省,710000,台湾省,710000,17.7209806876
5211,20150409,台湾省,710000,台湾省,710000,20.5165858485
5212,20150410,台湾省,710000,台湾省,710000,19.1508315693
5213,20150411,台湾省,710000,台湾省,710000,16.9582001621
5214,20150412,台湾省,710000,台湾省,710000,19.6239126812
5215,20150413,台湾省,710000,台湾省,710000,19.6634410511
5216,20150414,台湾省,710000,台湾省,710000,18.3934738853
5217,20150415,台湾省,710000,台湾省,710000,22.1798862761
5218,20150416,台湾省,710000,台湾省,710000,23.6753609614
5219,20150417,台湾省,710000,台湾省,710000,24.8059414734
5220,20150418,台湾省,710000,台湾省,710000,26.7267498537
5221,20150419,台湾省,710000,台湾省,710000,26.7674893899
5222,20150420,台湾省,710000,台湾省,710000,25.2976766716
5223,20150421,台湾省,710000,台湾省,710000,20.6203483235
5224,20150422,台湾省,710000,台湾省,710000,22.2625683004
5225,20150423,台湾省,710000,台湾省,710000,23.9544634819
5226,20150424,台湾省,710000,台湾省,710000,23.7293551185
5227,20150425,台湾省,710000,台湾省,710000,23.4802707109
5228,20150426,台湾省,710000,台湾省,710000,24.7868181575
5229,20150427,台湾省,710000,台湾省,710000,25.5198510343
5230,20150428,台湾省,710000,台湾省,710000,25.9567948255
5231,20150429,台湾省,710000,台湾省,710000,26.0198469162
5232,20150430,台湾省,710000,台湾省,710000,25.2967458422
5233,20150501,台湾省,710000,台湾省,710000,25.9846748655
5234,20150502,台湾省,710000,台湾省,710000,26.9661186608
5235,20150503,台湾省,710000,台湾省,710000,26.8886886076
5236,20150504,台湾省,710000,台湾省,710000,24.4399962859
5237,20150505,台湾省,710000,台湾省,710000,23.0524319085
5238,20150506,台湾省,710000,台湾省,710000,25.868563522
5239,20150507,台湾省,710000,台湾省,710000,26.1485780803
5240,20150508,台湾省,710000,台湾省,710000,26.8530529846
5241,20150509,台湾省,710000,台湾省,710000,26.9680326852
5242,20150510,台湾省,710000,台湾省,710000,26.4329541163
5243,20150511,台湾省,710000,台湾省,710000,26.4662429853
5244,20150512,台湾省,710000,台湾省,710000,23.9731098739
5245,20150513,台湾省,710000,台湾省,710000,26.9605537761
5246,20150514,台湾省,710000,台湾省,710000,27.6489463069
5247,20150515,台湾省,710000,台湾省,710000,27.8500076424
5248,20150516,台湾省,710000,台湾省,710000,28.1671494354
5249,20150517,台湾省,710000,台湾省,710000,27.6429274299
5250,20150518,台湾省,710000,台湾省,710000,28.7620416771
5251,20150519,台湾省,710000,台湾省,710000,29.0619499467
5252,20150520,台湾省,710000,台湾省,710000,24.2878809842
5253,20150521,台湾省,710000,台湾省,710000,23.2358377197
5254,20150522,台湾省,710000,台湾省,710000,24.4793554219
5255,20150523,台湾省,710000,台湾省,710000,24.608502323
5256,20150524,台湾省,710000,台湾省,710000,24.2825757373
5257,20150525,台湾省,710000,台湾省,710000,24.4660322016
5258,20150526,台湾省,710000,台湾省,710000,24.741136811
5259,20150527,台湾省,710000,台湾省,710000,27.0380477038
5260,20150528,台湾省,710000,台湾省,710000,28.2406107512
5261,20150529,台湾省,710000,台湾省,710000,29.2798335119
5262,20150530,台湾省,710000,台湾省,710000,28.9328755249
5263,20150531,台湾省,710000,台湾省,710000,26.0831441663
5264,20150601,台湾省,710000,台湾省,710000,27.8354000178
5265,20150602,台湾省,710000,台湾省,710000,28.8742485697
5266,20150603,台湾省,710000,台湾省,710000,28.9516281648
5267,20150604,台湾省,710000,台湾省,710000,28.0602584969
5268,20150605,台湾省,710000,台湾省,710000,28.6505698291
5269,20150606,台湾省,710000,台湾省,710000,27.3269153075
5270,20150607,台湾省,710000,台湾省,710000,27.9568575512
5271,20150608,台湾省,710000,台湾省,710000,28.7064880024
5272,20150609,台湾省,710000,台湾省,710000,29.3590921272
5273,20150610,台湾省,710000,台湾省,710000,29.5936362743
5274,20150611,台湾省,710000,台湾省,710000,29.9772737676
5275,20150612,台湾省,710000,台湾省,710000,29.6008409153
5276,20150613,台湾省,710000,台湾省,710000,29.4882536585
5277,20150614,台湾省,710000,台湾省,710000,29.1626721946
5278,20150615,台湾省,710000,台湾省,710000,29.3973062905
5279,20150616,台湾省,710000,台湾省,710000,29.8607208946
5280,20150617,台湾省,710000,台湾省,710000,30.1524754004
5281,20150618,台湾省,710000,台湾省,710000,30.0077455694
5282,20150619,台湾省,710000,台湾省,710000,29.9049702558
5283,20150620,台湾省,710000,台湾省,710000,29.4459522204
5284,20150621,台湾省,710000,台湾省,710000,29.5544779301
5285,20150622,台湾省,710000,台湾省,710000,29.4906700741
5286,20150623,台湾省,710000,台湾省,710000,28.5636066957
5287,20150624,台湾省,710000,台湾省,710000,29.5166306279
5288,20150625,台湾省,710000,台湾省,710000,30.4857291525
5289,20150626,台湾省,710000,台湾省,710000,30.7082778107
5290,20150627,台湾省,710000,台湾省,710000,30.5594943003
5291,20150628,台湾省,710000,台湾省,710000,30.4362307028
5292,20150629,台湾省,710000,台湾省,710000,30.1869101091
5293,20150630,台湾省,710000,台湾省,710000,30.5389257128
5294,20150701,台湾省,710000,台湾省,710000,30.3837843158
5295,20150702,台湾省,710000,台湾省,710000,30.1071569703
5296,20150703,台湾省,710000,台湾省,710000,29.5924141407
5297,20150704,台湾省,710000,台湾省,710000,29.4576287703
5298,20150705,台湾省,710000,台湾省,710000,29.4322244904
5299,20150706,台湾省,710000,台湾省,710000,29.1713310155
5300,20150707,台湾省,710000,台湾省,710000,28.4100124836
5301,20150708,台湾省,710000,台湾省,710000,28.5858354785
5302,20150709,台湾省,710000,台湾省,710000,28.567691803
5303,20150710,台湾省,710000,台湾省,710000,27.4170166146
5304,20150711,台湾省,710000,台湾省,710000,29.2538297393
5305,20150712,台湾省,710000,台湾省,710000,29.0255384445
5306,20150713,台湾省,710000,台湾省,710000,28.5852871158
5307,20150714,台湾省,710000,台湾省,710000,28.9950113947
5308,20150715,台湾省,710000,台湾省,710000,28.8645515659
5309,20150716,台湾省,710000,台湾省,710000,29.1911294244
5310,20150717,台湾省,710000,台湾省,710000,29.3029638854
5311,20150718,台湾省,710000,台湾省,710000,29.1761795174
5312,20150719,台湾省,710000,台湾省,710000,27.2118627592
5313,20150720,台湾省,710000,台湾省,710000,28.267161456
5314,20150721,台湾省,710000,台湾省,710000,29.8181452968
5315,20150722,台湾省,710000,台湾省,710000,27.4235025969
5316,20150723,台湾省,710000,台湾省,710000,28.2393470461
5317,20150724,台湾省,710000,台湾省,710000,28.4915128188
5318,20150725,台湾省,710000,台湾省,710000,29.1195566654
5319,20150726,台湾省,710000,台湾省,710000,29.4288758798
5320,20150727,台湾省,710000,台湾省,710000,27.8699365746
5321,20150728,台湾省,710000,台湾省,710000,27.5072023435
5322,20150729,台湾省,710000,台湾省,710000,28.2584429871
5323,20150730,台湾省,710000,台湾省,710000,28.4074523015
5324,20150731,台湾省,710000,台湾省,710000,28.8329108195
5325,20150801,台湾省,710000,台湾省,710000,28.7957584641
5326,20150802,台湾省,710000,台湾省,710000,28.9338735234
5327,20150803,台湾省,710000,台湾省,710000,29.074321335
5328,20150804,台湾省,710000,台湾省,710000,28.9647808725
5329,20150805,台湾省,710000,台湾省,710000,28.4609803503
5330,20150806,台湾省,710000,台湾省,710000,29.0543783795
5331,20150807,台湾省,710000,台湾省,710000,28.4402844689
5332,20150808,台湾省,710000,台湾省,710000,25.1084301255
5333,20150809,台湾省,710000,台湾省,710000,26.5990123315
5334,20150810,台湾省,710000,台湾省,710000,28.9806392193
5335,20150811,台湾省,710000,台湾省,710000,28.9874651866
5336,20150812,台湾省,710000,台湾省,710000,28.9201593616
5337,20150813,台湾省,710000,台湾省,710000,27.9107165337
5338,20150814,台湾省,710000,台湾省,710000,27.5101463144
5339,20150815,台湾省,710000,台湾省,710000,28.2649184357
5340,20150816,台湾省,710000,台湾省,710000,27.3703165705
5341,20150817,台湾省,710000,台湾省,710000,27.2290328416
5342,20150818,台湾省,710000,台湾省,710000,27.5716555119
5343,20150819,台湾省,710000,台湾省,710000,28.1214782108
5344,20150820,台湾省,710000,台湾省,710000,28.7228984399
5345,20150821,台湾省,710000,台湾省,710000,29.3258750005
5346,20150822,台湾省,710000,台湾省,710000,28.5912693847
5347,20150823,台湾省,710000,台湾省,710000,27.9375130046
5348,20150824,台湾省,710000,台湾省,710000,28.3639929511
5349,20150825,台湾省,710000,台湾省,710000,26.8481520089
5350,20150826,台湾省,710000,台湾省,710000,26.2321185632
5351,20150827,台湾省,710000,台湾省,710000,25.6086757617
5352,20150828,台湾省,710000,台湾省,710000,25.145059022
5353,20150829,台湾省,710000,台湾省,710000,24.490808617
5354,20150830,台湾省,710000,台湾省,710000,24.690675367
5355,20150831,台湾省,710000,台湾省,710000,24.8757073229
5356,20150901,台湾省,710000,台湾省,710000,26.6793933998
5357,20150902,台湾省,710000,台湾省,710000,27.2682012861
5358,20150903,台湾省,710000,台湾省,710000,28.1896296414
5359,20150904,台湾省,710000,台湾省,710000,28.1947774887
5360,20150905,台湾省,710000,台湾省,710000,28.3471786759
5361,20150906,台湾省,710000,台湾省,710000,28.7716343186
5362,20150907,台湾省,710000,台湾省,710000,24.4509196932
5363,20150908,台湾省,710000,台湾省,710000,26.3707093976
5364,20150909,台湾省,710000,台湾省,710000,26.3535329645
5365,20150910,台湾省,710000,台湾省,710000,25.9250637835
5366,20150911,台湾省,710000,台湾省,710000,26.4058541601
5367,20150912,台湾省,710000,台湾省,710000,26.2568377582
5368,20150913,台湾省,710000,台湾省,710000,26.5348270156
5369,20150914,台湾省,710000,台湾省,710000,27.3688900471
5370,20150915,台湾省,710000,台湾省,710000,27.7031875307
5371,20150916,台湾省,710000,台湾省,710000,26.8371662877
5372,20150917,台湾省,710000,台湾省,710000,26.316525676
5373,20150918,台湾省,710000,台湾省,710000,25.6132350185
5374,20150919,台湾省,710000,台湾省,710000,26.4334547953
5375,20150920,台湾省,710000,台湾省,710000,26.753205993
5376,20150921,台湾省,710000,台湾省,710000,26.7294015668
5377,20150922,台湾省,710000,台湾省,710000,27.5839514299
5378,20150923,台湾省,710000,台湾省,710000,27.8908035755
5379,20150924,台湾省,710000,台湾省,710000,27.2027703632
5380,20150925,台湾省,710000,台湾省,710000,27.6972975081
5381,20150926,台湾省,710000,台湾省,710000,26.7613969716
5382,20150927,台湾省,710000,台湾省,710000,25.4708852334
5383,20150928,台湾省,710000,台湾省,710000,25.8709073067
5384,20150929,台湾省,710000,台湾省,710000,27.1381609873
5385,20150930,台湾省,710000,台湾省,710000,28.1293441599
5386,20151001,台湾省,710000,台湾省,710000,27.851903612
5387,20151002,台湾省,710000,台湾省,710000,26.4801302173
5388,20151003,台湾省,710000,台湾省,710000,28.0573946996
5389,20151004,台湾省,710000,台湾省,710000,28.0624010346
5390,20151005,台湾省,710000,台湾省,710000,27.9208432544
5391,20151006,台湾省,710000,台湾省,710000,27.0015303222
5392,20151007,台湾省,710000,台湾省,710000,26.730672056
5393,20151008,台湾省,710000,台湾省,710000,26.3232767582
5394,20151009,台湾省,710000,台湾省,710000,24.4299640222
5395,20151010,台湾省,710000,台湾省,710000,24.6393914873
5396,20151011,台湾省,710000,台湾省,710000,22.6213627512
5397,20151012,台湾省,710000,台湾省,710000,23.5077965043
5398,20151013,台湾省,710000,台湾省,710000,23.3006969799
5399,20151014,台湾省,710000,台湾省,710000,23.1232629039
5400,20151015,台湾省,710000,台湾省,710000,23.8470631296
5401,20151016,台湾省,710000,台湾省,710000,24.2677353729
5402,20151017,台湾省,710000,台湾省,710000,24.3566000462
5403,20151018,台湾省,710000,台湾省,710000,24.0722844601
5404,20151019,台湾省,710000,台湾省,710000,25.4648986513
5405,20151020,台湾省,710000,台湾省,710000,25.1664794575
5406,20151021,台湾省,710000,台湾省,710000,24.0741772868
5407,20151022,台湾省,710000,台湾省,710000,24.424986861
5408,20151023,台湾省,710000,台湾省,710000,25.3071533983
5409,20151024,台湾省,710000,台湾省,710000,25.4088265029
5410,20151025,台湾省,710000,台湾省,710000,25.2879518162
5411,20151026,台湾省,710000,台湾省,710000,25.4231990251
5412,20151027,台湾省,710000,台湾省,710000,25.1595955329
5413,20151028,台湾省,710000,台湾省,710000,24.7977593379
5414,20151029,台湾省,710000,台湾省,710000,25.0082232302
5415,20151030,台湾省,710000,台湾省,710000,24.8270999085
5416,20151031,台湾省,710000,台湾省,710000,23.4242470698
5417,20151101,台湾省,710000,台湾省,710000,22.8916317116
5418,20151102,台湾省,710000,台湾省,710000,21.881782315
5419,20151103,台湾省,710000,台湾省,710000,23.8469499891
5420,20151104,台湾省,710000,台湾省,710000,25.2219147899
5421,20151105,台湾省,710000,台湾省,710000,25.7995609804
5422,20151106,台湾省,710000,台湾省,710000,25.952879689
5423,20151107,台湾省,710000,台湾省,710000,25.5606329875
5424,20151108,台湾省,710000,台湾省,710000,25.7637152022
5425,20151109,台湾省,710000,台湾省,710000,24.5079099265
5426,20151110,台湾省,710000,台湾省,710000,22.6635209864
5427,20151111,台湾省,710000,台湾省,710000,23.0164637132
5428,20151112,台湾省,710000,台湾省,710000,24.5228593783
5429,20151113,台湾省,710000,台湾省,710000,24.183832537
5430,20151114,台湾省,710000,台湾省,710000,24.0658204989
5431,20151115,台湾省,710000,台湾省,710000,24.876429211
5432,20151116,台湾省,710000,台湾省,710000,25.0944525762
5433,20151117,台湾省,710000,台湾省,710000,25.9083006382
5434,20151118,台湾省,710000,台湾省,710000,25.8604652015
5435,20151119,台湾省,710000,台湾省,710000,24.3749665997
5436,20151120,台湾省,710000,台湾省,710000,24.5043272972
5437,20151121,台湾省,710000,台湾省,710000,23.5575842857
5438,20151122,台湾省,710000,台湾省,710000,24.3822414658
5439,20151123,台湾省,710000,台湾省,710000,23.8440671401
5440,20151124,台湾省,710000,台湾省,710000,22.7973718426
5441,20151125,台湾省,710000,台湾省,710000,21.1270290071
5442,20151126,台湾省,710000,台湾省,710000,15.8429635655
5443,20151127,台湾省,710000,台湾省,710000,16.8052740097
5444,20151128,台湾省,710000,台湾省,710000,20.6155426069
5445,20151129,台湾省,710000,台湾省,710000,21.9657420679
5446,20151130,台湾省,710000,台湾省,710000,21.5371563001
5447,20151201,台湾省,710000,台湾省,710000,22.1779112599
5448,20151202,台湾省,710000,台湾省,710000,21.9315536889
5449,20151203,台湾省,710000,台湾省,710000,19.1489299861
5450,20151204,台湾省,710000,台湾省,710000,18.6104146351
5451,20151205,台湾省,710000,台湾省,710000,21.026284608
5452,20151206,台湾省,710000,台湾省,710000,18.7782068036
5453,20151207,台湾省,710000,台湾省,710000,19.1024004763
5454,20151208,台湾省,710000,台湾省,710000,20.59564727
5455,20151209,台湾省,710000,台湾省,710000,21.2907961282
5456,20151210,台湾省,710000,台湾省,710000,19.6000361659
5457,20151211,台湾省,710000,台湾省,710000,19.3706690398
5458,20151212,台湾省,710000,台湾省,710000,19.6078387607
5459,20151213,台湾省,710000,台湾省,710000,21.5871071815
5460,20151214,台湾省,710000,台湾省,710000,20.7517736175
5461,20151215,台湾省,710000,台湾省,710000,17.3165810975
5462,20151216,台湾省,710000,台湾省,710000,14.088439302
5463,20151217,台湾省,710000,台湾省,710000,12.9790576263
5464,20151218,台湾省,710000,台湾省,710000,15.8215453625
5465,20151219,台湾省,710000,台湾省,710000,18.3316156214
5466,20151220,台湾省,710000,台湾省,710000,19.7839869586
5467,20151221,台湾省,710000,台湾省,710000,20.8223083886
5468,20151222,台湾省,710000,台湾省,710000,21.5536552343
5469,20151223,台湾省,710000,台湾省,710000,22.4186494567
5470,20151224,台湾省,710000,台湾省,710000,21.6118390777
5471,20151225,台湾省,710000,台湾省,710000,17.8681007299
5472,20151226,台湾省,710000,台湾省,710000,18.2772053372
5473,20151227,台湾省,710000,台湾省,710000,17.5994437283
5474,20151228,台湾省,710000,台湾省,710000,16.9886333075
5475,20151229,台湾省,710000,台湾省,710000,17.525214347
5476,20151230,台湾省,710000,台湾省,710000,17.0192354484
5477,20151231,台湾省,710000,台湾省,710000,16.9587745341
5478,20160101,台湾省,710000,台湾省,710000,19.5569221757
5479,20160102,台湾省,710000,台湾省,710000,19.4256008972
5480,20160103,台湾省,710000,台湾省,710000,19.6977908178
5481,20160104,台湾省,710000,台湾省,710000,21.3999864188
5482,20160105,台湾省,710000,台湾省,710000,21.9717359543
5483,20160106,台湾省,710000,台湾省,710000,19.4367011677
5484,20160107,台湾省,710000,台湾省,710000,18.6042632623
5485,20160108,台湾省,710000,台湾省,710000,17.3817188198
5486,20160109,台湾省,710000,台湾省,710000,18.041818337
5487,20160110,台湾省,710000,台湾省,710000,19.6702188362
5488,20160111,台湾省,710000,台湾省,710000,17.9027262493
5489,20160112,台湾省,710000,台湾省,710000,17.2986411506
5490,20160113,台湾省,710000,台湾省,710000,15.1496812972
5491,20160114,台湾省,710000,台湾省,710000,16.2958655466
5492,20160115,台湾省,710000,台湾省,710000,16.2329369675
5493,20160116,台湾省,710000,台湾省,710000,19.2377445698
5494,20160117,台湾省,710000,台湾省,710000,17.6168008176
5495,20160118,台湾省,710000,台湾省,710000,16.3240332278
5496,20160119,台湾省,710000,台湾省,710000,15.8351376815
5497,20160120,台湾省,710000,台湾省,710000,17.2408993461
5498,20160121,台湾省,710000,台湾省,710000,17.8290436051
5499,20160122,台湾省,710000,台湾省,710000,16.6542294242
5500,20160123,台湾省,710000,台湾省,710000,10.0866503932
5501,20160124,台湾省,710000,台湾省,710000,6.39665820653
5502,20160125,台湾省,710000,台湾省,710000,9.54967620156
5503,20160126,台湾省,710000,台湾省,710000,15.8770984628
5504,20160127,台湾省,710000,台湾省,710000,16.5883742679
5505,20160128,台湾省,710000,台湾省,710000,16.9849783832
5506,20160129,台湾省,710000,台湾省,710000,18.0393322598
5507,20160130,台湾省,710000,台湾省,710000,16.9258222146
5508,20160131,台湾省,710000,台湾省,710000,18.4293520234
5509,20160201,台湾省,710000,台湾省,710000,14.7336518439
5510,20160202,台湾省,710000,台湾省,710000,13.9684115215
5511,20160203,台湾省,710000,台湾省,710000,15.6309126507
5512,20160204,台湾省,710000,台湾省,710000,17.209411426
5513,20160205,台湾省,710000,台湾省,710000,14.9975037033
5514,20160206,台湾省,710000,台湾省,710000,11.900580352
5515,20160207,台湾省,710000,台湾省,710000,12.357514544
5516,20160208,台湾省,710000,台湾省,710000,14.2930382057
5517,20160209,台湾省,710000,台湾省,710000,16.3170177286
5518,20160210,台湾省,710000,台湾省,710000,19.2139877623
5519,20160211,台湾省,710000,台湾省,710000,20.2387839664
5520,20160212,台湾省,710000,台湾省,710000,22.7553060922
5521,20160213,台湾省,710000,台湾省,710000,23.6737817201
5522,20160214,台湾省,710000,台湾省,710000,17.5304159359
5523,20160215,台湾省,710000,台湾省,710000,12.7609659108
5524,20160216,台湾省,710000,台湾省,710000,13.368114233
5525,20160217,台湾省,710000,台湾省,710000,15.6823063547
5526,20160218,台湾省,710000,台湾省,710000,17.9597460357
5527,20160219,台湾省,710000,台湾省,710000,17.7420714118
5528,20160220,台湾省,710000,台湾省,710000,15.4602733417
5529,20160221,台湾省,710000,台湾省,710000,17.4369360534
5530,20160222,台湾省,710000,台湾省,710000,18.4146804159
5531,20160223,台湾省,710000,台湾省,710000,16.4548517899
5532,20160224,台湾省,710000,台湾省,710000,15.1101987579
5533,20160225,台湾省,710000,台湾省,710000,16.063847726
5534,20160226,台湾省,710000,台湾省,710000,16.2203039798
5535,20160227,台湾省,710000,台湾省,710000,16.7301103419
5536,20160228,台湾省,710000,台湾省,710000,18.9910381491
5537,20160229,台湾省,710000,台湾省,710000,16.8029281334
5538,20160301,台湾省,710000,台湾省,710000,16.4316543232
5539,20160302,台湾省,710000,台湾省,710000,17.6975092888
5540,20160303,台湾省,710000,台湾省,710000,19.4438653642
5541,20160304,台湾省,710000,台湾省,710000,20.7930908853
5542,20160305,台湾省,710000,台湾省,710000,21.5357383598
5543,20160306,台湾省,710000,台湾省,710000,22.2960014127
5544,20160307,台湾省,710000,台湾省,710000,22.1652439724
5545,20160308,台湾省,710000,台湾省,710000,23.1299653487
5546,20160309,台湾省,710000,台湾省,710000,18.2068130103
5547,20160310,台湾省,710000,台湾省,710000,13.2349330729
5548,20160311,台湾省,710000,台湾省,710000,13.2531114166
5549,20160312,台湾省,710000,台湾省,710000,17.2583408464
5550,20160313,台湾省,710000,台湾省,710000,18.6435142756
5551,20160314,台湾省,710000,台湾省,710000,14.9706734744
5552,20160315,台湾省,710000,台湾省,710000,15.4347914457
5553,20160316,台湾省,710000,台湾省,710000,18.3470522599
5554,20160317,台湾省,710000,台湾省,710000,20.7761873765
5555,20160318,台湾省,710000,台湾省,710000,23.2929166881
5556,20160319,台湾省,710000,台湾省,710000,21.8643221422
5557,20160320,台湾省,710000,台湾省,710000,19.6563218507
5558,20160321,台湾省,710000,台湾省,710000,18.8149885264
5559,20160322,台湾省,710000,台湾省,710000,20.0901673274
5560,20160323,台湾省,710000,台湾省,710000,17.1918549754
5561,20160324,台湾省,710000,台湾省,710000,13.3509609266
5562,20160325,台湾省,710000,台湾省,710000,12.3654154214
5563,20160326,台湾省,710000,台湾省,710000,15.4368532246
5564,20160327,台湾省,710000,台湾省,710000,15.1224132018
5565,20160328,台湾省,710000,台湾省,710000,17.1960915652
5566,20160329,台湾省,710000,台湾省,710000,19.936370026
5567,20160330,台湾省,710000,台湾省,710000,21.3859998746
5568,20160331,台湾省,710000,台湾省,710000,22.0541758537
5569,20160401,台湾省,710000,台湾省,710000,21.5877283053
5570,20160402,台湾省,710000,台湾省,710000,23.7853810787
5571,20160403,台湾省,710000,台湾省,710000,24.5890436823
5572,20160404,台湾省,710000,台湾省,710000,24.1330920133
5573,20160405,台湾省,710000,台湾省,710000,23.9341593439
5574,20160406,台湾省,710000,台湾省,710000,26.908764254
5575,20160407,台湾省,710000,台湾省,710000,25.9089469043
5576,20160408,台湾省,710000,台湾省,710000,24.8026629578
5577,20160409,台湾省,710000,台湾省,710000,24.4368294152
5578,20160410,台湾省,710000,台湾省,710000,24.1148804535
5579,20160411,台湾省,710000,台湾省,710000,21.9988790209
5580,20160412,台湾省,710000,台湾省,710000,23.8378399936
5581,20160413,台湾省,710000,台湾省,710000,23.383280624
5582,20160414,台湾省,710000,台湾省,710000,23.02878887
5583,20160415,台湾省,710000,台湾省,710000,22.8943759311
5584,20160416,台湾省,710000,台湾省,710000,26.7522035295
5585,20160417,台湾省,710000,台湾省,710000,25.2767905322
5586,20160418,台湾省,710000,台湾省,710000,21.0049915747
5587,20160419,台湾省,710000,台湾省,710000,23.4074897766
5588,20160420,台湾省,710000,台湾省,710000,25.426309889
5589,20160421,台湾省,710000,台湾省,710000,27.4344866493
5590,20160422,台湾省,710000,台湾省,710000,26.6727993055
5591,20160423,台湾省,710000,台湾省,710000,26.6069356528
5592,20160424,台湾省,710000,台湾省,710000,24.7520057722
5593,20160425,台湾省,710000,台湾省,710000,25.4026860757
5594,20160426,台湾省,710000,台湾省,710000,26.583271135
5595,20160427,台湾省,710000,台湾省,710000,25.3913417296
5596,20160428,台湾省,710000,台湾省,710000,22.8125672774
5597,20160429,台湾省,710000,台湾省,710000,22.5439510129
5598,20160430,台湾省,710000,台湾省,710000,22.6073133512
5599,20160501,台湾省,710000,台湾省,710000,23.3531243801
5600,20160502,台湾省,710000,台湾省,710000,26.616033424
5601,20160503,台湾省,710000,台湾省,710000,27.2273181568
5602,20160504,台湾省,710000,台湾省,710000,27.6520851525
5603,20160505,台湾省,710000,台湾省,710000,27.9923250892
5604,20160506,台湾省,710000,台湾省,710000,28.9403125806
5605,20160507,台湾省,710000,台湾省,710000,28.6069854606
5606,20160508,台湾省,710000,台湾省,710000,28.3283021667
5607,20160509,台湾省,710000,台湾省,710000,28.6804713336
5608,20160510,台湾省,710000,台湾省,710000,27.1386174289
5609,20160511,台湾省,710000,台湾省,710000,23.9300384305
5610,20160512,台湾省,710000,台湾省,710000,26.871144013
5611,20160513,台湾省,710000,台湾省,710000,27.7749222625
5612,20160514,台湾省,710000,台湾省,710000,28.1837237098
5613,20160515,台湾省,710000,台湾省,710000,28.1152990515
5614,20160516,台湾省,710000,台湾省,710000,23.255700003
5615,20160517,台湾省,710000,台湾省,710000,23.0222794143
5616,20160518,台湾省,710000,台湾省,710000,25.3786307682
5617,20160519,台湾省,710000,台湾省,710000,26.1060100252
5618,20160520,台湾省,710000,台湾省,710000,26.3902799433
5619,20160521,台湾省,710000,台湾省,710000,25.5216018937
5620,20160522,台湾省,710000,台湾省,710000,26.2365986434
5621,20160523,台湾省,710000,台湾省,710000,26.8152991425
5622,20160524,台湾省,710000,台湾省,710000,26.797881755
5623,20160525,台湾省,710000,台湾省,710000,27.0254413215
5624,20160526,台湾省,710000,台湾省,710000,28.6652614854
5625,20160527,台湾省,710000,台湾省,710000,29.5921553482
5626,20160528,台湾省,710000,台湾省,710000,29.8697366064
5627,20160529,台湾省,710000,台湾省,710000,29.9045502273
5628,20160530,台湾省,710000,台湾省,710000,29.5266887275
5629,20160531,台湾省,710000,台湾省,710000,30.0078705007
5630,20160601,台湾省,710000,台湾省,710000,30.446418047
5631,20160602,台湾省,710000,台湾省,710000,28.3971198689
5632,20160603,台湾省,710000,台湾省,710000,29.8706820661
5633,20160604,台湾省,710000,台湾省,710000,30.1081811732
5634,20160605,台湾省,710000,台湾省,710000,28.7863455035
5635,20160606,台湾省,710000,台湾省,710000,26.7438164624
5636,20160607,台湾省,710000,台湾省,710000,27.8617794514
5637,20160608,台湾省,710000,台湾省,710000,28.1625548926
5638,20160609,台湾省,710000,台湾省,710000,27.7341573672
5639,20160610,台湾省,710000,台湾省,710000,26.3343427181
5640,20160611,台湾省,710000,台湾省,710000,25.6994093982
5641,20160612,台湾省,710000,台湾省,710000,27.3549804688
5642,20160613,台湾省,710000,台湾省,710000,26.534397472
5643,20160614,台湾省,710000,台湾省,710000,27.0992748954
5644,20160615,台湾省,710000,台湾省,710000,29.6095415245
5645,20160616,台湾省,710000,台湾省,710000,30.0732133389
5646,20160617,台湾省,710000,台湾省,710000,28.9729283073
5647,20160618,台湾省,710000,台湾省,710000,29.1869277737
5648,20160619,台湾省,710000,台湾省,710000,29.411926573
5649,20160620,台湾省,710000,台湾省,710000,29.2017315301
5650,20160621,台湾省,710000,台湾省,710000,30.1721449115
5651,20160622,台湾省,710000,台湾省,710000,29.9019794247
5652,20160623,台湾省,710000,台湾省,710000,29.7851147652
5653,20160624,台湾省,710000,台湾省,710000,29.717690988
5654,20160625,台湾省,710000,台湾省,710000,30.0943106521
5655,20160626,台湾省,710000,台湾省,710000,29.8995432637
5656,20160627,台湾省,710000,台湾省,710000,30.5707237937
5657,20160628,台湾省,710000,台湾省,710000,29.6444623037
5658,20160629,台湾省,710000,台湾省,710000,29.4385719516
5659,20160630,台湾省,710000,台湾省,710000,29.5442458283
5660,20160701,台湾省,710000,台湾省,710000,30.0223784447
5661,20160702,台湾省,710000,台湾省,710000,29.26038094
5662,20160703,台湾省,710000,台湾省,710000,28.8742241209
5663,20160704,台湾省,710000,台湾省,710000,29.9230416688
5664,20160705,台湾省,710000,台湾省,710000,30.2360140844
5665,20160706,台湾省,710000,台湾省,710000,29.7815872539
5666,20160707,台湾省,710000,台湾省,710000,28.775864146
5667,20160708,台湾省,710000,台湾省,710000,27.3548346866
5668,20160709,台湾省,710000,台湾省,710000,27.8384404616
5669,20160710,台湾省,710000,台湾省,710000,27.3894191872
5670,20160711,台湾省,710000,台湾省,710000,27.560990702
5671,20160712,台湾省,710000,台湾省,710000,28.1917418133
5672,20160713,台湾省,710000,台湾省,710000,29.7326905944
5673,20160714,台湾省,710000,台湾省,710000,30.5280771689
5674,20160715,台湾省,710000,台湾省,710000,30.4639291763
5675,20160716,台湾省,710000,台湾省,710000,30.6205441085
5676,20160717,台湾省,710000,台湾省,710000,29.975793405
5677,20160718,台湾省,710000,台湾省,710000,28.6482342373
5678,20160719,台湾省,710000,台湾省,710000,28.7983309139
5679,20160720,台湾省,710000,台湾省,710000,29.3918889219
5680,20160721,台湾省,710000,台湾省,710000,29.9586007378
5681,20160722,台湾省,710000,台湾省,710000,29.931857911
5682,20160723,台湾省,710000,台湾省,710000,30.2120579589
5683,20160724,台湾省,710000,台湾省,710000,30.4321398302
5684,20160725,台湾省,710000,台湾省,710000,30.0934503512
5685,20160726,台湾省,710000,台湾省,710000,30.6254754066
5686,20160727,台湾省,710000,台湾省,710000,30.2908010483
5687,20160728,台湾省,710000,台湾省,710000,30.3011601188
5688,20160729,台湾省,710000,台湾省,710000,29.8172169599
5689,20160730,台湾省,710000,台湾省,710000,29.7198063677
5690,20160731,台湾省,710000,台湾省,710000,29.8373058276
5691,20160801,台湾省,710000,台湾省,710000,29.2059312517
5692,20160802,台湾省,710000,台湾省,710000,28.8244308125
5693,20160803,台湾省,710000,台湾省,710000,29.2261078358
5694,20160804,台湾省,710000,台湾省,710000,29.7413185727
5695,20160805,台湾省,710000,台湾省,710000,29.4776356004
5696,20160806,台湾省,710000,台湾省,710000,29.3375984539
5697,20160807,台湾省,710000,台湾省,710000,29.2530105114
5698,20160808,台湾省,710000,台湾省,710000,29.4403815053
5699,20160809,台湾省,710000,台湾省,710000,29.011794372
5700,20160810,台湾省,710000,台湾省,710000,29.2097568295
5701,20160811,台湾省,710000,台湾省,710000,28.0249052698
5702,20160812,台湾省,710000,台湾省,710000,27.013054826
5703,20160813,台湾省,710000,台湾省,710000,27.0269226161
5704,20160814,台湾省,710000,台湾省,710000,29.1397483566
5705,20160815,台湾省,710000,台湾省,710000,28.8238971884
5706,20160816,台湾省,710000,台湾省,710000,27.7213687897
5707,20160817,台湾省,710000,台湾省,710000,27.9589094899
5708,20160818,台湾省,710000,台湾省,710000,28.6292545579
5709,20160819,台湾省,710000,台湾省,710000,27.9497627128
5710,20160820,台湾省,710000,台湾省,710000,29.2109731761
5711,20160821,台湾省,710000,台湾省,710000,29.5565058318
5712,20160822,台湾省,710000,台湾省,710000,29.7859507257
5713,20160823,台湾省,710000,台湾省,710000,29.9232933521
5714,20160824,台湾省,710000,台湾省,710000,30.1698025357
5715,20160825,台湾省,710000,台湾省,710000,29.969601111
5716,20160826,台湾省,710000,台湾省,710000,29.6272769841
5717,20160827,台湾省,710000,台湾省,710000,29.5934803703
5718,20160828,台湾省,710000,台湾省,710000,27.6018345573
5719,20160829,台湾省,710000,台湾省,710000,27.3978954662
5720,20160830,台湾省,710000,台湾省,710000,27.29201306
5721,20160831,台湾省,710000,台湾省,710000,27.9792647145
5722,20160901,台湾省,710000,台湾省,710000,29.0855241472
5723,20160902,台湾省,710000,台湾省,710000,27.1123829972
5724,20160903,台湾省,710000,台湾省,710000,27.5402705236
5725,20160904,台湾省,710000,台湾省,710000,28.1984397065
5726,20160905,台湾省,710000,台湾省,710000,28.4804598418
5727,20160906,台湾省,710000,台湾省,710000,26.4438531182
5728,20160907,台湾省,710000,台湾省,710000,26.8805258274
5729,20160908,台湾省,710000,台湾省,710000,27.3871848583
5730,20160909,台湾省,710000,台湾省,710000,27.2915919261
5731,20160910,台湾省,710000,台湾省,710000,27.7858239954
5732,20160911,台湾省,710000,台湾省,710000,28.8953909874
5733,20160912,台湾省,710000,台湾省,710000,28.2054681995
5734,20160913,台湾省,710000,台湾省,710000,28.3739969297
5735,20160914,台湾省,710000,台湾省,710000,26.3666801886
5736,20160915,台湾省,710000,台湾省,710000,26.9611488256
5737,20160916,台湾省,710000,台湾省,710000,28.859581037
5738,20160917,台湾省,710000,台湾省,710000,26.9278998592
5739,20160918,台湾省,710000,台湾省,710000,27.3166837476
5740,20160919,台湾省,710000,台湾省,710000,26.105576992
5741,20160920,台湾省,710000,台湾省,710000,26.7184620337
5742,20160921,台湾省,710000,台湾省,710000,27.3650996468
5743,20160922,台湾省,710000,台湾省,710000,27.2266738632
5744,20160923,台湾省,710000,台湾省,710000,27.0895255696
5745,20160924,台湾省,710000,台湾省,710000,27.5844631412
5746,20160925,台湾省,710000,台湾省,710000,27.7926070257
5747,20160926,台湾省,710000,台湾省,710000,28.6750651923
5748,20160927,台湾省,710000,台湾省,710000,26.3815503987
5749,20160928,台湾省,710000,台湾省,710000,26.8570518927
5750,20160929,台湾省,710000,台湾省,710000,27.4938418865
5751,20160930,台湾省,710000,台湾省,710000,27.1434449066
5752,20161001,台湾省,710000,台湾省,710000,26.9833636717
5753,20161002,台湾省,710000,台湾省,710000,28.1567338163
5754,20161003,台湾省,710000,台湾省,710000,27.9664355842
5755,20161004,台湾省,710000,台湾省,710000,27.6835114956
5756,20161005,台湾省,710000,台湾省,710000,27.7049091079
5757,20161006,台湾省,710000,台湾省,710000,27.2395483797
5758,20161007,台湾省,710000,台湾省,710000,25.8289762194
5759,20161008,台湾省,710000,台湾省,710000,25.1573354764
5760,20161009,台湾省,710000,台湾省,710000,23.6077979695
5761,20161010,台湾省,710000,台湾省,710000,24.4861918579
5762,20161011,台湾省,710000,台湾省,710000,26.051205375
5763,20161012,台湾省,710000,台湾省,710000,25.8652089509
5764,20161013,台湾省,710000,台湾省,710000,25.971904733
5765,20161014,台湾省,710000,台湾省,710000,26.4729952162
5766,20161015,台湾省,710000,台湾省,710000,27.2708883936
5767,20161016,台湾省,710000,台湾省,710000,27.6162478274
5768,20161017,台湾省,710000,台湾省,710000,27.9422886588
5769,20161018,台湾省,710000,台湾省,710000,27.8109051314
5770,20161019,台湾省,710000,台湾省,710000,28.0876905051
5771,20161020,台湾省,710000,台湾省,710000,28.6010839072
5772,20161021,台湾省,710000,台湾省,710000,28.4364149137
5773,20161022,台湾省,710000,台湾省,710000,28.1712071245
5774,20161023,台湾省,710000,台湾省,710000,27.7789954055
5775,20161024,台湾省,710000,台湾省,710000,27.2876030749
5776,20161025,台湾省,710000,台湾省,710000,27.5865832242
5777,20161026,台湾省,710000,台湾省,710000,27.7038108219
5778,20161027,台湾省,710000,台湾省,710000,27.7477360855
5779,20161028,台湾省,710000,台湾省,710000,27.3762028001
5780,20161029,台湾省,710000,台湾省,710000,25.484540029
5781,20161030,台湾省,710000,台湾省,710000,24.609913761
5782,20161031,台湾省,710000,台湾省,710000,25.0418100357
5783,20161101,台湾省,710000,台湾省,710000,23.3947684115
5784,20161102,台湾省,710000,台湾省,710000,22.2980252396
5785,20161103,台湾省,710000,台湾省,710000,22.5486571139
5786,20161104,台湾省,710000,台湾省,710000,23.3263257417
5787,20161105,台湾省,710000,台湾省,710000,24.3356534568
5788,20161106,台湾省,710000,台湾省,710000,25.2362489484
5789,20161107,台湾省,710000,台湾省,710000,24.9976199323
5790,20161108,台湾省,710000,台湾省,710000,23.3231158907
5791,20161109,台湾省,710000,台湾省,710000,21.5250413635
5792,20161110,台湾省,710000,台湾省,710000,21.204233603
5793,20161111,台湾省,710000,台湾省,710000,22.6208044616
5794,20161112,台湾省,710000,台湾省,710000,24.415844939
5795,20161113,台湾省,710000,台湾省,710000,24.9518228011
5796,20161114,台湾省,710000,台湾省,710000,24.8246905153
5797,20161115,台湾省,710000,台湾省,710000,24.6518608657
5798,20161116,台湾省,710000,台湾省,710000,24.3869277781
5799,20161117,台湾省,710000,台湾省,710000,24.7803603953
5800,20161118,台湾省,710000,台湾省,710000,24.6040249088
5801,20161119,台湾省,710000,台湾省,710000,25.9246397669
5802,20161120,台湾省,710000,台湾省,710000,24.376861659
5803,20161121,台湾省,710000,台湾省,710000,23.6008658192
5804,20161122,台湾省,710000,台湾省,710000,22.8567016341
5805,20161123,台湾省,710000,台湾省,710000,20.6077474464
5806,20161124,台湾省,710000,台湾省,710000,20.7567540299
5807,20161125,台湾省,710000,台湾省,710000,23.111476313
5808,20161126,台湾省,710000,台湾省,710000,22.2803844322
5809,20161127,台湾省,710000,台湾省,710000,18.8133231943
5810,20161128,台湾省,710000,台湾省,710000,20.2832978855
5811,20161129,台湾省,710000,台湾省,710000,21.9493016763
5812,20161130,台湾省,710000,台湾省,710000,22.1840211261
5813,20161201,台湾省,710000,台湾省,710000,20.853457841
5814,20161202,台湾省,710000,台湾省,710000,21.238713698
5815,20161203,台湾省,710000,台湾省,710000,22.5522037636
5816,20161204,台湾省,710000,台湾省,710000,23.3741322214
5817,20161205,台湾省,710000,台湾省,710000,23.0976836248
5818,20161206,台湾省,710000,台湾省,710000,20.4769962267
5819,20161207,台湾省,710000,台湾省,710000,20.9969775677
5820,20161208,台湾省,710000,台湾省,710000,21.5727650686
5821,20161209,台湾省,710000,台湾省,710000,21.6367045533
5822,20161210,台湾省,710000,台湾省,710000,22.0104929534
5823,20161211,台湾省,710000,台湾省,710000,21.2494644902
5824,20161212,台湾省,710000,台湾省,710000,21.7439784787
5825,20161213,台湾省,710000,台湾省,710000,22.1383491429
5826,20161214,台湾省,710000,台湾省,710000,19.5346123955
5827,20161215,台湾省,710000,台湾省,710000,16.4046351259
5828,20161216,台湾省,710000,台湾省,710000,15.7772256244
5829,20161217,台湾省,710000,台湾省,710000,19.1661580259
5830,20161218,台湾省,710000,台湾省,710000,20.1904053255
5831,20161219,台湾省,710000,台湾省,710000,21.7034539526
5832,20161220,台湾省,710000,台湾省,710000,23.5557170131
5833,20161221,台湾省,710000,台湾省,710000,23.1865014596
5834,20161222,台湾省,710000,台湾省,710000,21.3855355219
5835,20161223,台湾省,710000,台湾省,710000,19.9667629545
5836,20161224,台湾省,710000,台湾省,710000,20.7053556009
5837,20161225,台湾省,710000,台湾省,710000,22.099403273
5838,20161226,台湾省,710000,台湾省,710000,21.5284209685
5839,20161227,台湾省,710000,台湾省,710000,16.6243459637
5840,20161228,台湾省,710000,台湾省,710000,15.184553905
5841,20161229,台湾省,710000,台湾省,710000,16.5071816553
5842,20161230,台湾省,710000,台湾省,710000,18.5976330367
5843,20161231,台湾省,710000,台湾省,710000,20.6204543547
5844,20170101,台湾省,710000,台湾省,710000,21.2660396749
5845,20170102,台湾省,710000,台湾省,710000,21.1418905475
5846,20170103,台湾省,710000,台湾省,710000,20.9477703571
5847,20170104,台湾省,710000,台湾省,710000,21.642115658
5848,20170105,台湾省,710000,台湾省,710000,21.4771827784
5849,20170106,台湾省,710000,台湾省,710000,21.7582013174
5850,20170107,台湾省,710000,台湾省,710000,21.9573551091
5851,20170108,台湾省,710000,台湾省,710000,21.3172379407
5852,20170109,台湾省,710000,台湾省,710000,19.1811429371
5853,20170110,台湾省,710000,台湾省,710000,19.7024231391
5854,20170111,台湾省,710000,台湾省,710000,20.1744987314
5855,20170112,台湾省,710000,台湾省,710000,19.8399937153
5856,20170113,台湾省,710000,台湾省,710000,17.4728361477
5857,20170114,台湾省,710000,台湾省,710000,16.1383841905
5858,20170115,台湾省,710000,台湾省,710000,16.1613087437
5859,20170116,台湾省,710000,台湾省,710000,17.4617123821
5860,20170117,台湾省,710000,台湾省,710000,19.4817434441
5861,20170118,台湾省,710000,台湾省,710000,20.3697537075
5862,20170119,台湾省,710000,台湾省,710000,20.2056613185
5863,20170120,台湾省,710000,台湾省,710000,15.6309550242
5864,20170121,台湾省,710000,台湾省,710000,16.0891430703
5865,20170122,台湾省,710000,台湾省,710000,16.180094318
5866,20170123,台湾省,710000,台湾省,710000,16.5779341676
5867,20170124,台湾省,710000,台湾省,710000,17.025117083
5868,20170125,台湾省,710000,台湾省,710000,17.0361002033
5869,20170126,台湾省,710000,台湾省,710000,17.5966165933
5870,20170127,台湾省,710000,台湾省,710000,18.7605004094
5871,20170128,台湾省,710000,台湾省,710000,20.0985553048
5872,20170129,台湾省,710000,台湾省,710000,21.2072322585
5873,20170130,台湾省,710000,台湾省,710000,19.1636671695
5874,20170131,台湾省,710000,台湾省,710000,18.3728865493
5875,20170201,台湾省,710000,台湾省,710000,18.4152629809
5876,20170202,台湾省,710000,台湾省,710000,17.6342894597
5877,20170203,台湾省,710000,台湾省,710000,19.5781273625
5878,20170204,台湾省,710000,台湾省,710000,19.2591561404
5879,20170205,台湾省,710000,台湾省,710000,19.8566506776
5880,20170206,台湾省,710000,台湾省,710000,18.8897345066
5881,20170207,台湾省,710000,台湾省,710000,18.9923519221
5882,20170208,台湾省,710000,台湾省,710000,18.511174397
5883,20170209,台湾省,710000,台湾省,710000,13.3263658394
5884,20170210,台湾省,710000,台湾省,710000,12.9060450467
5885,20170211,台湾省,710000,台湾省,710000,12.7981502576
5886,20170212,台湾省,710000,台湾省,710000,15.229959282
5887,20170213,台湾省,710000,台湾省,710000,17.1541806351
5888,20170214,台湾省,710000,台湾省,710000,17.7731785341
5889,20170215,台湾省,710000,台湾省,710000,18.3315180432
5890,20170216,台湾省,710000,台湾省,710000,19.4829445102
5891,20170217,台湾省,710000,台湾省,710000,20.7565097159
5892,20170218,台湾省,710000,台湾省,710000,20.0607819124
5893,20170219,台湾省,710000,台湾省,710000,20.7286668257
5894,20170220,台湾省,710000,台湾省,710000,22.172935876
5895,20170221,台湾省,710000,台湾省,710000,21.3536887819
5896,20170222,台湾省,710000,台湾省,710000,21.9797417034
5897,20170223,台湾省,710000,台湾省,710000,18.1431259675
5898,20170224,台湾省,710000,台湾省,710000,15.3724313216
5899,20170225,台湾省,710000,台湾省,710000,16.3357967138
5900,20170226,台湾省,710000,台湾省,710000,15.6395994316
5901,20170227,台湾省,710000,台湾省,710000,16.9332561059
5902,20170228,台湾省,710000,台湾省,710000,17.7186082602
5903,20170301,台湾省,710000,台湾省,710000,18.7286404046
5904,20170302,台湾省,710000,台湾省,710000,16.8142924959
5905,20170303,台湾省,710000,台湾省,710000,18.4034613913
5906,20170304,台湾省,710000,台湾省,710000,20.2324969769
5907,20170305,台湾省,710000,台湾省,710000,22.3437421105
5908,20170306,台湾省,710000,台湾省,710000,18.1907366731
5909,20170307,台湾省,710000,台湾省,710000,15.5524808168
5910,20170308,台湾省,710000,台湾省,710000,15.5181607875
5911,20170309,台湾省,710000,台湾省,710000,18.9678471088
5912,20170310,台湾省,710000,台湾省,710000,20.7664928436
5913,20170311,台湾省,710000,台湾省,710000,21.2435036789
5914,20170312,台湾省,710000,台湾省,710000,22.3880356225
5915,20170313,台湾省,710000,台湾省,710000,21.4501053312
5916,20170314,台湾省,710000,台湾省,710000,16.8447474891
5917,20170315,台湾省,710000,台湾省,710000,18.157877727
5918,20170316,台湾省,710000,台湾省,710000,18.2224099203
5919,20170317,台湾省,710000,台湾省,710000,20.4949852987
5920,20170318,台湾省,710000,台湾省,710000,21.8080402721
5921,20170319,台湾省,710000,台湾省,710000,22.0241686214
5922,20170320,台湾省,710000,台湾省,710000,23.4177891341
5923,20170321,台湾省,710000,台湾省,710000,21.6580996297
5924,20170322,台湾省,710000,台湾省,710000,21.6791283001
5925,20170323,台湾省,710000,台湾省,710000,21.375338381
5926,20170324,台湾省,710000,台湾省,710000,22.147383885
5927,20170325,台湾省,710000,台湾省,710000,18.8525612679
5928,20170326,台湾省,710000,台湾省,710000,15.6679164821
5929,20170327,台湾省,710000,台湾省,710000,20.6110307303
5930,20170328,台湾省,710000,台湾省,710000,21.4232863513
5931,20170329,台湾省,710000,台湾省,710000,21.8714279262
5932,20170330,台湾省,710000,台湾省,710000,23.1572726423
5933,20170331,台湾省,710000,台湾省,710000,20.3607705723
5934,20170401,台湾省,710000,台湾省,710000,16.9761660099
5935,20170402,台湾省,710000,台湾省,710000,18.7795761715
5936,20170403,台湾省,710000,台湾省,710000,20.5415962826
5937,20170404,台湾省,710000,台湾省,710000,21.94441765
5938,20170405,台湾省,710000,台湾省,710000,23.5575538549
5939,20170406,台湾省,710000,台湾省,710000,24.2126327645
5940,20170407,台湾省,710000,台湾省,710000,24.1211732301
5941,20170408,台湾省,710000,台湾省,710000,25.8032997738
5942,20170409,台湾省,710000,台湾省,710000,26.2951938456
5943,20170410,台湾省,710000,台湾省,710000,27.6638286764
5944,20170411,台湾省,710000,台湾省,710000,23.0913056677
5945,20170412,台湾省,710000,台湾省,710000,19.2744112882
5946,20170413,台湾省,710000,台湾省,710000,20.034956672
5947,20170414,台湾省,710000,台湾省,710000,23.2320891294
5948,20170415,台湾省,710000,台湾省,710000,25.8557777838
5949,20170416,台湾省,710000,台湾省,710000,26.4643833854
5950,20170417,台湾省,710000,台湾省,710000,27.488335371
5951,20170418,台湾省,710000,台湾省,710000,26.5426810655
5952,20170419,台湾省,710000,台湾省,710000,26.6579463915
5953,20170420,台湾省,710000,台湾省,710000,27.0206740553
5954,20170421,台湾省,710000,台湾省,710000,25.2604391358
5955,20170422,台湾省,710000,台湾省,710000,19.3952763948
5956,20170423,台湾省,710000,台湾省,710000,21.1109872298
5957,20170424,台湾省,710000,台湾省,710000,22.861311219
5958,20170425,台湾省,710000,台湾省,710000,25.1588432355
5959,20170426,台湾省,710000,台湾省,710000,26.3309989843
5960,20170427,台湾省,710000,台湾省,710000,18.5876198465
5961,20170428,台湾省,710000,台湾省,710000,19.8466592919
5962,20170429,台湾省,710000,台湾省,710000,22.1511610855
5963,20170430,台湾省,710000,台湾省,710000,23.6902817379
5964,20170501,台湾省,710000,台湾省,710000,25.2208762602
5965,20170502,台湾省,710000,台湾省,710000,25.8832574324
5966,20170503,台湾省,710000,台湾省,710000,25.7639648264
5967,20170504,台湾省,710000,台湾省,710000,26.7521574714
5968,20170505,台湾省,710000,台湾省,710000,27.1472651958
5969,20170506,台湾省,710000,台湾省,710000,25.6571390412
5970,20170507,台湾省,710000,台湾省,710000,25.7374907407
5971,20170508,台湾省,710000,台湾省,710000,27.0402900956
5972,20170509,台湾省,710000,台湾省,710000,26.9673062455
5973,20170510,台湾省,710000,台湾省,710000,27.7270913774
5974,20170511,台湾省,710000,台湾省,710000,27.9005572146
5975,20170512,台湾省,710000,台湾省,710000,27.6501292315
5976,20170513,台湾省,710000,台湾省,710000,26.4111959717
5977,20170514,台湾省,710000,台湾省,710000,26.9731097221
5978,20170515,台湾省,710000,台湾省,710000,25.9160634604
5979,20170516,台湾省,710000,台湾省,710000,22.4417283535
5980,20170517,台湾省,710000,台湾省,710000,24.2962659489
5981,20170518,台湾省,710000,台湾省,710000,25.8134405396
5982,20170519,台湾省,710000,台湾省,710000,24.2390898574
5983,20170520,台湾省,710000,台湾省,710000,24.6186018424
5984,20170521,台湾省,710000,台湾省,710000,26.393226927
5985,20170522,台湾省,710000,台湾省,710000,26.8615141348
5986,20170523,台湾省,710000,台湾省,710000,27.475202257
5987,20170524,台湾省,710000,台湾省,710000,26.5144656571
5988,20170525,台湾省,710000,台湾省,710000,24.1743559837
5989,20170526,台湾省,710000,台湾省,710000,24.6946715442
5990,20170527,台湾省,710000,台湾省,710000,24.6538401734
5991,20170528,台湾省,710000,台湾省,710000,25.4631255973
5992,20170529,台湾省,710000,台湾省,710000,27.0626090873
5993,20170530,台湾省,710000,台湾省,710000,26.3711854545
5994,20170531,台湾省,710000,台湾省,710000,27.8138497093
5995,20170601,台湾省,710000,台湾省,710000,28.2738455642
5996,20170602,台湾省,710000,台湾省,710000,26.4778760997
5997,20170603,台湾省,710000,台湾省,710000,25.8761278499
5998,20170604,台湾省,710000,台湾省,710000,26.0166623376
5999,20170605,台湾省,710000,台湾省,710000,28.1198579181
6000,20170606,台湾省,710000,台湾省,710000,29.2076958526
6001,20170607,台湾省,710000,台湾省,710000,29.7314191515
6002,20170608,台湾省,710000,台湾省,710000,29.0357521014
6003,20170609,台湾省,710000,台湾省,710000,29.458747647
6004,20170610,台湾省,710000,台湾省,710000,29.5877016891
6005,20170611,台湾省,710000,台湾省,710000,29.5031574423
6006,20170612,台湾省,710000,台湾省,710000,28.7682155046
6007,20170613,台湾省,710000,台湾省,710000,29.3004236221
6008,20170614,台湾省,710000,台湾省,710000,25.8028096719
6009,20170615,台湾省,710000,台湾省,710000,24.295274366
6010,20170616,台湾省,710000,台湾省,710000,26.1337655891
6011,20170617,台湾省,710000,台湾省,710000,25.0268295245
6012,20170618,台湾省,710000,台湾省,710000,25.8587688749
6013,20170619,台湾省,710000,台湾省,710000,28.1323605884
6014,20170620,台湾省,710000,台湾省,710000,29.0059955987
6015,20170621,台湾省,710000,台湾省,710000,29.3220181682
6016,20170622,台湾省,710000,台湾省,710000,29.7291524627
6017,20170623,台湾省,710000,台湾省,710000,29.6030872302
6018,20170624,台湾省,710000,台湾省,710000,30.0628904213
6019,20170625,台湾省,710000,台湾省,710000,30.2269219268
6020,20170626,台湾省,710000,台湾省,710000,30.067685474
6021,20170627,台湾省,710000,台湾省,710000,29.7711804347
6022,20170628,台湾省,710000,台湾省,710000,30.02547444
6023,20170629,台湾省,710000,台湾省,710000,29.2735766498
6024,20170630,台湾省,710000,台湾省,710000,28.7955910293
6025,20170701,台湾省,710000,台湾省,710000,29.1595744003
6026,20170702,台湾省,710000,台湾省,710000,29.0728788376
6027,20170703,台湾省,710000,台湾省,710000,29.3716989431
6028,20170704,台湾省,710000,台湾省,710000,28.0385936174
6029,20170705,台湾省,710000,台湾省,710000,29.6200404817
6030,20170706,台湾省,710000,台湾省,710000,28.8595011018
6031,20170707,台湾省,710000,台湾省,710000,27.8659373197
6032,20170708,台湾省,710000,台湾省,710000,28.7071268125
6033,20170709,台湾省,710000,台湾省,710000,29.4919806177
6034,20170710,台湾省,710000,台湾省,710000,29.5573696006
6035,20170711,台湾省,710000,台湾省,710000,29.8601509875
6036,20170712,台湾省,710000,台湾省,710000,29.6880348379
6037,20170713,台湾省,710000,台湾省,710000,30.0800442912
6038,20170714,台湾省,710000,台湾省,710000,29.5811735933
6039,20170715,台湾省,710000,台湾省,710000,29.6485155062
6040,20170716,台湾省,710000,台湾省,710000,28.8506841876
6041,20170717,台湾省,710000,台湾省,710000,28.8962402777
6042,20170718,台湾省,710000,台湾省,710000,29.8016876091
6043,20170719,台湾省,710000,台湾省,710000,29.7628804987
6044,20170720,台湾省,710000,台湾省,710000,30.2764436982
6045,20170721,台湾省,710000,台湾省,710000,30.3261142644
6046,20170722,台湾省,710000,台湾省,710000,29.6667924144
6047,20170723,台湾省,710000,台湾省,710000,30.4146455418
6048,20170724,台湾省,710000,台湾省,710000,29.7453437285
6049,20170725,台湾省,710000,台湾省,710000,29.7737565474
6050,20170726,台湾省,710000,台湾省,710000,29.3214106993
6051,20170727,台湾省,710000,台湾省,710000,30.1053536588
6052,20170728,台湾省,710000,台湾省,710000,30.1775042577
6053,20170729,台湾省,710000,台湾省,710000,27.9620147402
6054,20170730,台湾省,710000,台湾省,710000,28.1008892926
6055,20170731,台湾省,710000,台湾省,710000,27.0940942114
6056,20170801,台湾省,710000,台湾省,710000,28.0796329975
6057,20170802,台湾省,710000,台湾省,710000,28.28603259
6058,20170803,台湾省,710000,台湾省,710000,29.3484506607
6059,20170804,台湾省,710000,台湾省,710000,29.5739096728
6060,20170805,台湾省,710000,台湾省,710000,30.3620440743
6061,20170806,台湾省,710000,台湾省,710000,30.6664678183
6062,20170807,台湾省,710000,台湾省,710000,30.818366896
6063,20170808,台湾省,710000,台湾省,710000,30.2727427049
6064,20170809,台湾省,710000,台湾省,710000,30.7070201094
6065,20170810,台湾省,710000,台湾省,710000,30.259611845
6066,20170811,台湾省,710000,台湾省,710000,30.3645372391
6067,20170812,台湾省,710000,台湾省,710000,30.3161781701
6068,20170813,台湾省,710000,台湾省,710000,30.15236239
6069,20170814,台湾省,710000,台湾省,710000,30.2099032185
6070,20170815,台湾省,710000,台湾省,710000,30.5864121697
6071,20170816,台湾省,710000,台湾省,710000,29.9413751255
6072,20170817,台湾省,710000,台湾省,710000,30.0022163174
6073,20170818,台湾省,710000,台湾省,710000,30.2891091217
6074,20170819,台湾省,710000,台湾省,710000,30.2577402808
6075,20170820,台湾省,710000,台湾省,710000,30.3080491586
6076,20170821,台湾省,710000,台湾省,710000,29.7073476315
6077,20170822,台湾省,710000,台湾省,710000,28.421610182
6078,20170823,台湾省,710000,台湾省,710000,28.63909147
6079,20170824,台湾省,710000,台湾省,710000,28.3727017749
6080,20170825,台湾省,710000,台湾省,710000,29.4432485537
6081,20170826,台湾省,710000,台湾省,710000,29.6381883838
6082,20170827,台湾省,710000,台湾省,710000,28.4769935825
6083,20170828,台湾省,710000,台湾省,710000,29.5704435218
6084,20170829,台湾省,710000,台湾省,710000,29.9939203262
6085,20170830,台湾省,710000,台湾省,710000,29.7611800974
6086,20170831,台湾省,710000,台湾省,710000,28.3038394451
6087,20170901,台湾省,710000,台湾省,710000,26.9184786406
6088,20170902,台湾省,710000,台湾省,710000,27.2036064105
6089,20170903,台湾省,710000,台湾省,710000,27.8384783268
6090,20170904,台湾省,710000,台湾省,710000,28.9743329612
6091,20170905,台湾省,710000,台湾省,710000,29.7292161421
6092,20170906,台湾省,710000,台湾省,710000,29.6208164042
6093,20170907,台湾省,710000,台湾省,710000,29.0382810723
6094,20170908,台湾省,710000,台湾省,710000,28.9512330185
6095,20170909,台湾省,710000,台湾省,710000,29.2063979886
6096,20170910,台湾省,710000,台湾省,710000,29.1057250716
6097,20170911,台湾省,710000,台湾省,710000,29.5733344988
6098,20170912,台湾省,710000,台湾省,710000,29.6794756326
6099,20170913,台湾省,710000,台湾省,710000,28.3357174613
6100,20170914,台湾省,710000,台湾省,710000,28.6988576759
6101,20170915,台湾省,710000,台湾省,710000,29.3314396468
6102,20170916,台湾省,710000,台湾省,710000,29.2024204514
6103,20170917,台湾省,710000,台湾省,710000,28.2663918842
6104,20170918,台湾省,710000,台湾省,710000,28.31941739
6105,20170919,台湾省,710000,台湾省,710000,28.470763705
6106,20170920,台湾省,710000,台湾省,710000,29.4964749163
6107,20170921,台湾省,710000,台湾省,710000,29.7145627195
6108,20170922,台湾省,710000,台湾省,710000,30.2010612054
6109,20170923,台湾省,710000,台湾省,710000,30.4223874049
6110,20170924,台湾省,710000,台湾省,710000,30.2361635078
6111,20170925,台湾省,710000,台湾省,710000,29.8325134407
6112,20170926,台湾省,710000,台湾省,710000,30.071810744
6113,20170927,台湾省,710000,台湾省,710000,30.2878437909
6114,20170928,台湾省,710000,台湾省,710000,29.770629341
6115,20170929,台湾省,710000,台湾省,710000,28.7231602235
6116,20170930,台湾省,710000,台湾省,710000,29.5587472699
6117,20171001,台湾省,710000,台湾省,710000,29.8426590616
6118,20171002,台湾省,710000,台湾省,710000,29.7884567651
6119,20171003,台湾省,710000,台湾省,710000,29.4067313454
6120,20171004,台湾省,710000,台湾省,710000,27.7716311975
6121,20171005,台湾省,710000,台湾省,710000,28.6231653474
6122,20171006,台湾省,710000,台湾省,710000,29.0408546058
6123,20171007,台湾省,710000,台湾省,710000,28.6228780096
6124,20171008,台湾省,710000,台湾省,710000,28.8602990671
6125,20171009,台湾省,710000,台湾省,710000,29.3594044555
6126,20171010,台湾省,710000,台湾省,710000,29.7502640377
6127,20171011,台湾省,710000,台湾省,710000,29.0684067986
6128,20171012,台湾省,710000,台湾省,710000,27.9107645425
6129,20171013,台湾省,710000,台湾省,710000,25.6634614684
6130,20171014,台湾省,710000,台湾省,710000,25.8676475178
6131,20171015,台湾省,710000,台湾省,710000,25.9657410058
6132,20171016,台湾省,710000,台湾省,710000,27.8592892994
6133,20171017,台湾省,710000,台湾省,710000,27.295340473
6134,20171018,台湾省,710000,台湾省,710000,26.3688850403
6135,20171019,台湾省,710000,台湾省,710000,25.6993838007
6136,20171020,台湾省,710000,台湾省,710000,24.6532835093
6137,20171021,台湾省,710000,台湾省,710000,22.8553043712
6138,20171022,台湾省,710000,台湾省,710000,22.2939731425
6139,20171023,台湾省,710000,台湾省,710000,23.1704861901
6140,20171024,台湾省,710000,台湾省,710000,23.067518516
6141,20171025,台湾省,710000,台湾省,710000,23.4550311565
6142,20171026,台湾省,710000,台湾省,710000,23.889726227
6143,20171027,台湾省,710000,台湾省,710000,23.5755291419
6144,20171028,台湾省,710000,台湾省,710000,23.155303695
6145,20171029,台湾省,710000,台湾省,710000,23.1234974428
6146,20171030,台湾省,710000,台湾省,710000,21.5992881385
6147,20171031,台湾省,710000,台湾省,710000,22.5399307554
6148,20171101,台湾省,710000,台湾省,710000,24.4826467254
6149,20171102,台湾省,710000,台湾省,710000,25.0674640916
6150,20171103,台湾省,710000,台湾省,710000,23.9205483957
6151,20171104,台湾省,710000,台湾省,710000,21.8510731134
6152,20171105,台湾省,710000,台湾省,710000,23.0544056459
6153,20171106,台湾省,710000,台湾省,710000,24.8518578789
6154,20171107,台湾省,710000,台湾省,710000,25.7186619802
6155,20171108,台湾省,710000,台湾省,710000,24.7893784263
6156,20171109,台湾省,710000,台湾省,710000,24.8905959346
6157,20171110,台湾省,710000,台湾省,710000,25.469061288
6158,20171111,台湾省,710000,台湾省,710000,22.9226315022
6159,20171112,台湾省,710000,台湾省,710000,22.8739956942
6160,20171113,台湾省,710000,台湾省,710000,23.8510224169
6161,20171114,台湾省,710000,台湾省,710000,24.1558596438
6162,20171115,台湾省,710000,台湾省,710000,24.433670304
6163,20171116,台湾省,710000,台湾省,710000,25.2763989622
6164,20171117,台湾省,710000,台湾省,710000,25.7599006566
6165,20171118,台湾省,710000,台湾省,710000,22.4398055077
6166,20171119,台湾省,710000,台湾省,710000,20.5882697756
6167,20171120,台湾省,710000,台湾省,710000,21.2827661471
6168,20171121,台湾省,710000,台湾省,710000,23.1723707589
6169,20171122,台湾省,710000,台湾省,710000,21.1720284332
6170,20171123,台湾省,710000,台湾省,710000,19.3045193065
6171,20171124,台湾省,710000,台湾省,710000,19.478316177
6172,20171125,台湾省,710000,台湾省,710000,21.0364256989
6173,20171126,台湾省,710000,台湾省,710000,22.1944247159
6174,20171127,台湾省,710000,台湾省,710000,23.2946126244
6175,20171128,台湾省,710000,台湾省,710000,24.9808319482
6176,20171129,台湾省,710000,台湾省,710000,24.4296410734
6177,20171130,台湾省,710000,台湾省,710000,22.7923072251
6178,20171201,台湾省,710000,台湾省,710000,21.2428888408
6179,20171202,台湾省,710000,台湾省,710000,21.641191786
6180,20171203,台湾省,710000,台湾省,710000,21.9126744054
6181,20171204,台湾省,710000,台湾省,710000,20.391713771
6182,20171205,台湾省,710000,台湾省,710000,17.9205099019
6183,20171206,台湾省,710000,台湾省,710000,17.9358639717
6184,20171207,台湾省,710000,台湾省,710000,18.657671755
6185,20171208,台湾省,710000,台湾省,710000,15.6501267823
6186,20171209,台湾省,710000,台湾省,710000,15.728596774
6187,20171210,台湾省,710000,台湾省,710000,19.1125245311
6188,20171211,台湾省,710000,台湾省,710000,18.8971701102
6189,20171212,台湾省,710000,台湾省,710000,18.2796989137
6190,20171213,台湾省,710000,台湾省,710000,19.4784407399
6191,20171214,台湾省,710000,台湾省,710000,20.2116567222
6192,20171215,台湾省,710000,台湾省,710000,20.7274318825
6193,20171216,台湾省,710000,台湾省,710000,17.3856282126
6194,20171217,台湾省,710000,台湾省,710000,15.6174526865
6195,20171218,台湾省,710000,台湾省,710000,16.9460199313
6196,20171219,台湾省,710000,台湾省,710000,16.7369410341
6197,20171220,台湾省,710000,台湾省,710000,17.0317837542
6198,20171221,台湾省,710000,台湾省,710000,17.3623688329
6199,20171222,台湾省,710000,台湾省,710000,19.2839960185
6200,20171223,台湾省,710000,台湾省,710000,19.7812556787
6201,20171224,台湾省,710000,台湾省,710000,20.1890533187
6202,20171225,台湾省,710000,台湾省,710000,18.0989127376
6203,20171226,台湾省,710000,台湾省,710000,19.1331623901
6204,20171227,台湾省,710000,台湾省,710000,19.7311767882
6205,20171228,台湾省,710000,台湾省,710000,20.5728526549
6206,20171229,台湾省,710000,台湾省,710000,19.795870044
6207,20171230,台湾省,710000,台湾省,710000,19.4818432765
6208,20171231,台湾省,710000,台湾省,710000,17.5285900289
6209,20180101,台湾省,710000,台湾省,710000,18.6839727705
6210,20180102,台湾省,710000,台湾省,710000,19.8902611299
6211,20180103,台湾省,710000,台湾省,710000,20.5151367404
6212,20180104,台湾省,710000,台湾省,710000,19.5581144636
6213,20180105,台湾省,710000,台湾省,710000,18.2499648224
6214,20180106,台湾省,710000,台湾省,710000,18.3386136619
6215,20180107,台湾省,710000,台湾省,710000,19.2671952681
6216,20180108,台湾省,710000,台湾省,710000,18.6119227518
6217,20180109,台湾省,710000,台湾省,710000,12.3169476769
6218,20180110,台湾省,710000,台湾省,710000,12.9706964276
6219,20180111,台湾省,710000,台湾省,710000,12.6250691197
6220,20180112,台湾省,710000,台湾省,710000,12.206603928
6221,20180113,台湾省,710000,台湾省,710000,13.7781637257
6222,20180114,台湾省,710000,台湾省,710000,16.4824485887
6223,20180115,台湾省,710000,台湾省,710000,18.4919052991
6224,20180116,台湾省,710000,台湾省,710000,20.5701956315
6225,20180117,台湾省,710000,台湾省,710000,20.7150092775
6226,20180118,台湾省,710000,台湾省,710000,21.1197990938
6227,20180119,台湾省,710000,台湾省,710000,20.2055182023
6228,20180120,台湾省,710000,台湾省,710000,20.2210425897
6229,20180121,台湾省,710000,台湾省,710000,20.4507660649
6230,20180122,台湾省,710000,台湾省,710000,19.3115927306
6231,20180123,台湾省,710000,台湾省,710000,19.0751582059
6232,20180124,台湾省,710000,台湾省,710000,18.8058452173
6233,20180125,台湾省,710000,台湾省,710000,19.0979921168
6234,20180126,台湾省,710000,台湾省,710000,17.2824543064
6235,20180127,台湾省,710000,台湾省,710000,18.5506669391
6236,20180128,台湾省,710000,台湾省,710000,17.3015144088
6237,20180129,台湾省,710000,台湾省,710000,13.8578270457
6238,20180130,台湾省,710000,台湾省,710000,15.2682486231
6239,20180131,台湾省,710000,台湾省,710000,16.2006228512
6240,20180201,台湾省,710000,台湾省,710000,13.9520160827
6241,20180202,台湾省,710000,台湾省,710000,14.4766621806
6242,20180203,台湾省,710000,台湾省,710000,11.5938963998
6243,20180204,台湾省,710000,台湾省,710000,11.0354828509
6244,20180205,台湾省,710000,台湾省,710000,9.90331648697
6245,20180206,台湾省,710000,台湾省,710000,12.1882961663
6246,20180207,台湾省,710000,台湾省,710000,12.6713757623
6247,20180208,台湾省,710000,台湾省,710000,14.5344561447
6248,20180209,台湾省,710000,台湾省,710000,17.1939679059
6249,20180210,台湾省,710000,台湾省,710000,17.3049418059
6250,20180211,台湾省,710000,台湾省,710000,14.4077786316
6251,20180212,台湾省,710000,台湾省,710000,14.9196727276
6252,20180213,台湾省,710000,台湾省,710000,16.1761911999
6253,20180214,台湾省,710000,台湾省,710000,19.0743996664
6254,20180215,台湾省,710000,台湾省,710000,22.1229149862
6255,20180216,台湾省,710000,台湾省,710000,20.9422624978
6256,20180217,台湾省,710000,台湾省,710000,18.8766881336
6257,20180218,台湾省,710000,台湾省,710000,20.6823147644
6258,20180219,台湾省,710000,台湾省,710000,21.9643368504
6259,20180220,台湾省,710000,台湾省,710000,20.501911185
6260,20180221,台湾省,710000,台湾省,710000,18.7012563944
6261,20180222,台湾省,710000,台湾省,710000,16.2229557579
6262,20180223,台湾省,710000,台湾省,710000,18.5631387667
6263,20180224,台湾省,710000,台湾省,710000,19.4533260519
6264,20180225,台湾省,710000,台湾省,710000,18.6753672145
6265,20180226,台湾省,710000,台湾省,710000,18.6978832808
6266,20180227,台湾省,710000,台湾省,710000,19.917733756
6267,20180301,台湾省,710000,台湾省,710000,22.6043778333
6268,20180302,台湾省,710000,台湾省,710000,22.9791055376
6269,20180303,台湾省,710000,台湾省,710000,24.6260724068
6270,20180304,台湾省,710000,台湾省,710000,25.396766836
6271,20180305,台湾省,710000,台湾省,710000,23.736539884
6272,20180306,台湾省,710000,台湾省,710000,19.7356844815
6273,20180307,台湾省,710000,台湾省,710000,20.4543069709
6274,20180308,台湾省,710000,台湾省,710000,14.6120325002
6275,20180309,台湾省,710000,台湾省,710000,14.5775464773
6276,20180310,台湾省,710000,台湾省,710000,17.408631845
6277,20180311,台湾省,710000,台湾省,710000,19.1867474859
6278,20180312,台湾省,710000,台湾省,710000,19.8163163879
6279,20180313,台湾省,710000,台湾省,710000,21.1780118726
6280,20180314,台湾省,710000,台湾省,710000,22.3915015784
6281,20180315,台湾省,710000,台湾省,710000,22.2410214814
6282,20180316,台湾省,710000,台湾省,710000,21.6968270649
6283,20180317,台湾省,710000,台湾省,710000,21.4376157197
6284,20180318,台湾省,710000,台湾省,710000,22.5712723949
6285,20180319,台湾省,710000,台湾省,710000,24.4941058592
6286,20180320,台湾省,710000,台湾省,710000,20.6745583578
6287,20180321,台湾省,710000,台湾省,710000,16.7786197879
6288,20180322,台湾省,710000,台湾省,710000,17.0731272914
6289,20180323,台湾省,710000,台湾省,710000,19.7781014226
6290,20180324,台湾省,710000,台湾省,710000,21.1907335628
6291,20180325,台湾省,710000,台湾省,710000,21.8400567662
6292,20180326,台湾省,710000,台湾省,710000,21.3389387998
6293,20180327,台湾省,710000,台湾省,710000,21.3866776553
6294,20180328,台湾省,710000,台湾省,710000,22.6345891519
6295,20180329,台湾省,710000,台湾省,710000,23.1879482486
6296,20180330,台湾省,710000,台湾省,710000,23.4367093823
6297,20180331,台湾省,710000,台湾省,710000,23.9884726568
6298,20180401,台湾省,710000,台湾省,710000,23.8713254278
6299,20180402,台湾省,710000,台湾省,710000,23.9491210851
6300,20180403,台湾省,710000,台湾省,710000,24.141315937
6301,20180404,台湾省,710000,台湾省,710000,24.6114486564
6302,20180405,台湾省,710000,台湾省,710000,25.2929593867
6303,20180406,台湾省,710000,台湾省,710000,20.6750633717
6304,20180407,台湾省,710000,台湾省,710000,16.9840389598
6305,20180408,台湾省,710000,台湾省,710000,20.0860865333
6306,20180409,台湾省,710000,台湾省,710000,21.9376497052
6307,20180410,台湾省,710000,台湾省,710000,24.2859109748
6308,20180411,台湾省,710000,台湾省,710000,26.5816867568
6309,20180412,台湾省,710000,台湾省,710000,26.2023485791
6310,20180413,台湾省,710000,台湾省,710000,27.1820196889
6311,20180414,台湾省,710000,台湾省,710000,26.7335291993
6312,20180415,台湾省,710000,台湾省,710000,21.5294340741
6313,20180416,台湾省,710000,台湾省,710000,21.0892025124
6314,20180417,台湾省,710000,台湾省,710000,20.2636016932
6315,20180418,台湾省,710000,台湾省,710000,22.5691108704
6316,20180419,台湾省,710000,台湾省,710000,24.7276633219
6317,20180420,台湾省,710000,台湾省,710000,24.9524074251
6318,20180421,台湾省,710000,台湾省,710000,25.7117051645
6319,20180422,台湾省,710000,台湾省,710000,27.1621032628
6320,20180423,台湾省,710000,台湾省,710000,27.6263530254
6321,20180424,台湾省,710000,台湾省,710000,24.4443778341
6322,20180425,台湾省,710000,台湾省,710000,22.9874401093
6323,20180426,台湾省,710000,台湾省,710000,24.0605367747
6324,20180427,台湾省,710000,台湾省,710000,25.3698557724
6325,20180428,台湾省,710000,台湾省,710000,25.2003679926
6326,20180429,台湾省,710000,台湾省,710000,26.2672777826
6327,20180430,台湾省,710000,台湾省,710000,26.8924870925
6328,20180501,台湾省,710000,台湾省,710000,27.5810965191
6329,20180502,台湾省,710000,台湾省,710000,28.1630703753
6330,20180503,台湾省,710000,台湾省,710000,24.7522269812
6331,20180504,台湾省,710000,台湾省,710000,25.4695418531
6332,20180505,台湾省,710000,台湾省,710000,26.8591025526
6333,20180506,台湾省,710000,台湾省,710000,28.4225972566
6334,20180507,台湾省,710000,台湾省,710000,28.4706567417
6335,20180508,台湾省,710000,台湾省,710000,25.4522805431
6336,20180509,台湾省,710000,台湾省,710000,23.0772907951
6337,20180510,台湾省,710000,台湾省,710000,24.54127665
6338,20180511,台湾省,710000,台湾省,710000,25.5647538142
6339,20180512,台湾省,710000,台湾省,710000,26.831184669
6340,20180513,台湾省,710000,台湾省,710000,27.6352114244
6341,20180514,台湾省,710000,台湾省,710000,28.1032517173
6342,20180515,台湾省,710000,台湾省,710000,28.7244133733
6343,20180516,台湾省,710000,台湾省,710000,29.166111686
6344,20180517,台湾省,710000,台湾省,710000,28.9263743271
6345,20180518,台湾省,710000,台湾省,710000,28.9892660488
6346,20180519,台湾省,710000,台湾省,710000,28.9799906774
6347,20180520,台湾省,710000,台湾省,710000,29.1688065746
6348,20180521,台湾省,710000,台湾省,710000,28.6096686667
6349,20180522,台湾省,710000,台湾省,710000,29.3568268039
6350,20180523,台湾省,710000,台湾省,710000,28.1252514883
6351,20180524,台湾省,710000,台湾省,710000,28.5965142033
6352,20180525,台湾省,710000,台湾省,710000,29.442608985
6353,20180526,台湾省,710000,台湾省,710000,29.3751806346
6354,20180527,台湾省,710000,台湾省,710000,30.0113164295
6355,20180528,台湾省,710000,台湾省,710000,30.1311307604
6356,20180529,台湾省,710000,台湾省,710000,30.0328976675
6357,20180530,台湾省,710000,台湾省,710000,29.8950095393
6358,20180531,台湾省,710000,台湾省,710000,30.024159995
6359,20180601,台湾省,710000,台湾省,710000,27.0008345951
6360,20180602,台湾省,710000,台湾省,710000,27.4321386381
6361,20180603,台湾省,710000,台湾省,710000,28.7077075568
6362,20180604,台湾省,710000,台湾省,710000,29.0768677972
6363,20180605,台湾省,710000,台湾省,710000,29.7014353926
6364,20180606,台湾省,710000,台湾省,710000,29.7343743714
6365,20180607,台湾省,710000,台湾省,710000,29.8902890899
6366,20180608,台湾省,710000,台湾省,710000,30.0402257009
6367,20180609,台湾省,710000,台湾省,710000,29.6413617134
6368,20180610,台湾省,710000,台湾省,710000,29.2955773744
6369,20180611,台湾省,710000,台湾省,710000,27.2965409756
6370,20180612,台湾省,710000,台湾省,710000,29.1162422787
6371,20180613,台湾省,710000,台湾省,710000,28.8370527788
6372,20180614,台湾省,710000,台湾省,710000,26.9042688717
6373,20180615,台湾省,710000,台湾省,710000,26.3567062074
6374,20180616,台湾省,710000,台湾省,710000,26.8300242207
6375,20180617,台湾省,710000,台湾省,710000,26.8401650082
6376,20180618,台湾省,710000,台湾省,710000,27.1550041762
6377,20180619,台湾省,710000,台湾省,710000,26.2985532501
6378,20180620,台湾省,710000,台湾省,710000,26.7806586352
6379,20180621,台湾省,710000,台湾省,710000,28.0929952318
6380,20180622,台湾省,710000,台湾省,710000,28.3176739866
6381,20180623,台湾省,710000,台湾省,710000,28.7809968428
6382,20180624,台湾省,710000,台湾省,710000,28.996071447
6383,20180625,台湾省,710000,台湾省,710000,29.3873448589
6384,20180626,台湾省,710000,台湾省,710000,29.4325533563
6385,20180627,台湾省,710000,台湾省,710000,29.2696383216
6386,20180628,台湾省,710000,台湾省,710000,29.7287086574
6387,20180629,台湾省,710000,台湾省,710000,29.389157512
6388,20180630,台湾省,710000,台湾省,710000,28.8361196518
6389,20180701,台湾省,710000,台湾省,710000,28.7819455537
6390,20180702,台湾省,710000,台湾省,710000,27.1225488619
6391,20180703,台湾省,710000,台湾省,710000,28.6497024623
6392,20180704,台湾省,710000,台湾省,710000,28.4032923092
6393,20180705,台湾省,710000,台湾省,710000,28.0522145791
6394,20180706,台湾省,710000,台湾省,710000,29.0441083475
6395,20180707,台湾省,710000,台湾省,710000,27.8700473959
6396,20180708,台湾省,710000,台湾省,710000,29.1618385098
6397,20180709,台湾省,710000,台湾省,710000,29.6418031129
6398,20180710,台湾省,710000,台湾省,710000,28.925202413
6399,20180711,台湾省,710000,台湾省,710000,28.8583965952
6400,20180712,台湾省,710000,台湾省,710000,28.0128210241
6401,20180713,台湾省,710000,台湾省,710000,29.0190717524
6402,20180714,台湾省,710000,台湾省,710000,28.9235320741
6403,20180715,台湾省,710000,台湾省,710000,28.9545116858
6404,20180716,台湾省,710000,台湾省,710000,29.5479906039
6405,20180717,台湾省,710000,台湾省,710000,30.3005470363
6406,20180718,台湾省,710000,台湾省,710000,30.2927686084
6407,20180719,台湾省,710000,台湾省,710000,29.4703577215
6408,20180720,台湾省,710000,台湾省,710000,28.8999304121
6409,20180721,台湾省,710000,台湾省,710000,28.610011686
6410,20180722,台湾省,710000,台湾省,710000,28.3773721782
6411,20180723,台湾省,710000,台湾省,710000,29.0560265238
6412,20180724,台湾省,710000,台湾省,710000,28.7208284681
6413,20180725,台湾省,710000,台湾省,710000,29.085350275
6414,20180726,台湾省,710000,台湾省,710000,29.7845937555
6415,20180727,台湾省,710000,台湾省,710000,29.0482031866
6416,20180728,台湾省,710000,台湾省,710000,29.4836234613
6417,20180729,台湾省,710000,台湾省,710000,30.2054857991
6418,20180730,台湾省,710000,台湾省,710000,30.4165205305
6419,20180731,台湾省,710000,台湾省,710000,30.6042850668
6420,20180801,台湾省,710000,台湾省,710000,30.6523088975
6421,20180802,台湾省,710000,台湾省,710000,29.6792598421
6422,20180803,台湾省,710000,台湾省,710000,29.011755965
6423,20180804,台湾省,710000,台湾省,710000,29.364864241
6424,20180805,台湾省,710000,台湾省,710000,29.3627313917
6425,20180806,台湾省,710000,台湾省,710000,29.5495740284
6426,20180807,台湾省,710000,台湾省,710000,29.949609323
6427,20180808,台湾省,710000,台湾省,710000,29.5569240613
6428,20180809,台湾省,710000,台湾省,710000,29.5108000365
6429,20180810,台湾省,710000,台湾省,710000,29.6735470728
6430,20180811,台湾省,710000,台湾省,710000,29.7081791054
6431,20180812,台湾省,710000,台湾省,710000,29.5367281654
6432,20180813,台湾省,710000,台湾省,710000,28.2812469222
6433,20180814,台湾省,710000,台湾省,710000,27.8104252165
6434,20180815,台湾省,710000,台湾省,710000,27.9837929986
6435,20180816,台湾省,710000,台湾省,710000,28.7398359125
6436,20180817,台湾省,710000,台湾省,710000,29.141806104
6437,20180818,台湾省,710000,台湾省,710000,27.7965564294
6438,20180819,台湾省,710000,台湾省,710000,27.2529244206
6439,20180820,台湾省,710000,台湾省,710000,28.2107365131
6440,20180821,台湾省,710000,台湾省,710000,28.6210728559
6441,20180822,台湾省,710000,台湾省,710000,28.0431462418
6442,20180823,台湾省,710000,台湾省,710000,26.793073069
6443,20180824,台湾省,710000,台湾省,710000,25.799819968
6444,20180825,台湾省,710000,台湾省,710000,27.3819160461
6445,20180826,台湾省,710000,台湾省,710000,26.7877684073
6446,20180827,台湾省,710000,台湾省,710000,26.1640768268
6447,20180828,台湾省,710000,台湾省,710000,25.3835489967
6448,20180829,台湾省,710000,台湾省,710000,25.5027031682
6449,20180830,台湾省,710000,台湾省,710000,26.1979258494
6450,20180831,台湾省,710000,台湾省,710000,27.4538217024
6451,20180901,台湾省,710000,台湾省,710000,27.7910093611
6452,20180902,台湾省,710000,台湾省,710000,28.2005347989
6453,20180903,台湾省,710000,台湾省,710000,28.899072257
6454,20180904,台湾省,710000,台湾省,710000,29.5796729651
6455,20180905,台湾省,710000,台湾省,710000,29.2869348093
6456,20180906,台湾省,710000,台湾省,710000,28.7110056227
6457,20180907,台湾省,710000,台湾省,710000,28.0590980703
6458,20180908,台湾省,710000,台湾省,710000,27.2065422752
6459,20180909,台湾省,710000,台湾省,710000,26.3332625953
6460,20180910,台湾省,710000,台湾省,710000,26.3772881031
6461,20180911,台湾省,710000,台湾省,710000,28.3879582448
6462,20180912,台湾省,710000,台湾省,710000,28.674231876
6463,20180913,台湾省,710000,台湾省,710000,29.1512356455
6464,20180914,台湾省,710000,台湾省,710000,29.1374706788
6465,20180915,台湾省,710000,台湾省,710000,28.1541396921
6466,20180916,台湾省,710000,台湾省,710000,28.607029373
6467,20180917,台湾省,710000,台湾省,710000,28.412501747
6468,20180918,台湾省,710000,台湾省,710000,28.770572619
6469,20180919,台湾省,710000,台湾省,710000,28.9002108574
6470,20180920,台湾省,710000,台湾省,710000,28.8095229756
6471,20180921,台湾省,710000,台湾省,710000,29.0931540402
6472,20180922,台湾省,710000,台湾省,710000,28.9716405002
6473,20180923,台湾省,710000,台湾省,710000,28.6536467509
6474,20180924,台湾省,710000,台湾省,710000,27.6422212124
6475,20180925,台湾省,710000,台湾省,710000,28.0429414619
6476,20180926,台湾省,710000,台湾省,710000,26.6917891936
6477,20180927,台湾省,710000,台湾省,710000,27.1852979227
6478,20180928,台湾省,710000,台湾省,710000,26.5166273767
6479,20180929,台湾省,710000,台湾省,710000,25.9418505755
6480,20180930,台湾省,710000,台湾省,710000,25.4569375298
6481,20181001,台湾省,710000,台湾省,710000,26.1571896076
6482,20181002,台湾省,710000,台湾省,710000,24.8606436036
6483,20181003,台湾省,710000,台湾省,710000,25.4412046563
6484,20181004,台湾省,710000,台湾省,710000,23.9792531837
6485,20181005,台湾省,710000,台湾省,710000,25.9304848584
6486,20181006,台湾省,710000,台湾省,710000,26.4939610091
6487,20181007,台湾省,710000,台湾省,710000,25.7832235206
6488,20181008,台湾省,710000,台湾省,710000,25.954537435
6489,20181009,台湾省,710000,台湾省,710000,25.8822368709
6490,20181010,台湾省,710000,台湾省,710000,25.1566933285
6491,20181011,台湾省,710000,台湾省,710000,23.4918870276
6492,20181012,台湾省,710000,台湾省,710000,22.3416761052
6493,20181013,台湾省,710000,台湾省,710000,24.2253565788
6494,20181014,台湾省,710000,台湾省,710000,25.8412107554
6495,20181015,台湾省,710000,台湾省,710000,25.7945632718
6496,20181016,台湾省,710000,台湾省,710000,25.0303328254
6497,20181017,台湾省,710000,台湾省,710000,23.4765998667
6498,20181018,台湾省,710000,台湾省,710000,24.6391379833
6499,20181019,台湾省,710000,台湾省,710000,23.4292302348
6500,20181020,台湾省,710000,台湾省,710000,23.7700629234
6501,20181021,台湾省,710000,台湾省,710000,24.3003251769
6502,20181022,台湾省,710000,台湾省,710000,24.7278074134
6503,20181023,台湾省,710000,台湾省,710000,24.5424024192
6504,20181024,台湾省,710000,台湾省,710000,24.6939645247
6505,20181025,台湾省,710000,台湾省,710000,25.5583507798
6506,20181026,台湾省,710000,台湾省,710000,25.4518987049
6507,20181027,台湾省,710000,台湾省,710000,22.4167557413
6508,20181028,台湾省,710000,台湾省,710000,21.4253788861
6509,20181029,台湾省,710000,台湾省,710000,22.7689508525
6510,20181030,台湾省,710000,台湾省,710000,24.0105054595
6511,20181031,台湾省,710000,台湾省,710000,21.8212377375
6512,20181101,台湾省,710000,台湾省,710000,20.9183985537
6513,20181102,台湾省,710000,台湾省,710000,22.3722871217
6514,20181103,台湾省,710000,台湾省,710000,24.7626932751
6515,20181104,台湾省,710000,台湾省,710000,25.1110939113
6516,20181105,台湾省,710000,台湾省,710000,24.9832600464
6517,20181106,台湾省,710000,台湾省,710000,25.4018411853
6518,20181107,台湾省,710000,台湾省,710000,25.5101577152
6519,20181108,台湾省,710000,台湾省,710000,25.4511126605
6520,20181109,台湾省,710000,台湾省,710000,24.4686032859
6521,20181110,台湾省,710000,台湾省,710000,24.2057069215
6522,20181111,台湾省,710000,台湾省,710000,24.4754600308
6523,20181112,台湾省,710000,台湾省,710000,24.0547146797
6524,20181113,台湾省,710000,台湾省,710000,23.1424686909
6525,20181114,台湾省,710000,台湾省,710000,22.8317561366
6526,20181115,台湾省,710000,台湾省,710000,24.2123482444
6527,20181116,台湾省,710000,台湾省,710000,24.4681806348
6528,20181117,台湾省,710000,台湾省,710000,23.3018221205
6529,20181118,台湾省,710000,台湾省,710000,24.8623331677
6530,20181119,台湾省,710000,台湾省,710000,22.2640228705
6531,20181120,台湾省,710000,台湾省,710000,23.4657013416
6532,20181121,台湾省,710000,台湾省,710000,24.0840934407
6533,20181122,台湾省,710000,台湾省,710000,20.6733195782
6534,20181123,台湾省,710000,台湾省,710000,20.6673636436
6535,20181124,台湾省,710000,台湾省,710000,22.8332399455
6536,20181125,台湾省,710000,台湾省,710000,22.7491798834
6537,20181126,台湾省,710000,台湾省,710000,21.0536932295
6538,20181127,台湾省,710000,台湾省,710000,22.2511492642
6539,20181128,台湾省,710000,台湾省,710000,20.9137095321
6540,20181129,台湾省,710000,台湾省,710000,21.3931958675
6541,20181130,台湾省,710000,台湾省,710000,22.8590818752
6542,20181201,台湾省,710000,台湾省,710000,22.7079347047
6543,20181202,台湾省,710000,台湾省,710000,23.0362367197
6544,20181203,台湾省,710000,台湾省,710000,23.6846071157
6545,20181204,台湾省,710000,台湾省,710000,25.2339942239
6546,20181205,台湾省,710000,台湾省,710000,23.7472616976
6547,20181206,台湾省,710000,台湾省,710000,23.9887712002
6548,20181207,台湾省,710000,台湾省,710000,21.1250992688
6549,20181208,台湾省,710000,台湾省,710000,20.6720748815
6550,20181209,台湾省,710000,台湾省,710000,20.8142730539
6551,20181210,台湾省,710000,台湾省,710000,22.0407092355
6552,20181211,台湾省,710000,台湾省,710000,21.4753862078
6553,20181212,台湾省,710000,台湾省,710000,18.2032958594
6554,20181213,台湾省,710000,台湾省,710000,19.6649382765
6555,20181214,台湾省,710000,台湾省,710000,20.1883422895
6556,20181215,台湾省,710000,台湾省,710000,21.385067788
6557,20181216,台湾省,710000,台湾省,710000,20.8089751764
6558,20181217,台湾省,710000,台湾省,710000,17.2812534462
6559,20181218,台湾省,710000,台湾省,710000,18.7985128056
6560,20181219,台湾省,710000,台湾省,710000,19.7436673208
6561,20181220,台湾省,710000,台湾省,710000,21.796039668
6562,20181221,台湾省,710000,台湾省,710000,22.1086797714
6563,20181222,台湾省,710000,台湾省,710000,23.2474239089
6564,20181223,台湾省,710000,台湾省,710000,20.8070272316
6565,20181224,台湾省,710000,台湾省,710000,19.8223379092
6566,20181225,台湾省,710000,台湾省,710000,21.9420120716
6567,20181226,台湾省,710000,台湾省,710000,21.7539748929
6568,20181227,台湾省,710000,台湾省,710000,19.0130598979
6569,20181228,台湾省,710000,台湾省,710000,17.239277417
6570,20181229,台湾省,710000,台湾省,710000,16.1207303351
6571,20181230,台湾省,710000,台湾省,710000,18.0582343882
6572,20181231,台湾省,710000,台湾省,710000,18.2183512558
6573,20190101,台湾省,710000,台湾省,710000,18.611907959
6574,20190102,台湾省,710000,台湾省,710000,18.7265003811
6575,20190103,台湾省,710000,台湾省,710000,20.2206798033
6576,20190104,台湾省,710000,台湾省,710000,21.4599262801
6577,20190105,台湾省,710000,台湾省,710000,21.8213181712
6578,20190106,台湾省,710000,台湾省,710000,20.1167256615
6579,20190107,台湾省,710000,台湾省,710000,21.5687281218
6580,20190108,台湾省,710000,台湾省,710000,20.9104343978
6581,20190109,台湾省,710000,台湾省,710000,21.1046537703
6582,20190110,台湾省,710000,台湾省,710000,21.7440338568
6583,20190111,台湾省,710000,台湾省,710000,22.420118527
6584,20190112,台湾省,710000,台湾省,710000,21.5147527348
6585,20190113,台湾省,710000,台湾省,710000,20.1810949932
6586,20190114,台湾省,710000,台湾省,710000,20.8100873774
6587,20190115,台湾省,710000,台湾省,710000,20.1700129942
6588,20190116,台湾省,710000,台湾省,710000,17.5887285904
6589,20190117,台湾省,710000,台湾省,710000,16.9702453722
6590,20190118,台湾省,710000,台湾省,710000,18.7547770197
6591,20190119,台湾省,710000,台湾省,710000,19.8818101883
6592,20190120,台湾省,710000,台湾省,710000,18.9227793867
6593,20190121,台湾省,710000,台湾省,710000,16.5724086328
6594,20190122,台湾省,710000,台湾省,710000,14.7758091905
6595,20190123,台湾省,710000,台湾省,710000,16.5257436796
6596,20190124,台湾省,710000,台湾省,710000,17.3830007965
6597,20190125,台湾省,710000,台湾省,710000,18.1526618437
6598,20190126,台湾省,710000,台湾省,710000,15.4405941421
6599,20190127,台湾省,710000,台湾省,710000,15.3411706144
6600,20190128,台湾省,710000,台湾省,710000,17.5404573787
6601,20190129,台湾省,710000,台湾省,710000,19.2784798362
6602,20190130,台湾省,710000,台湾省,710000,20.8390910625
6603,20190131,台湾省,710000,台湾省,710000,21.2474257729
6604,20190201,台湾省,710000,台湾省,710000,17.3292176398
6605,20190202,台湾省,710000,台湾省,710000,19.9658600851
6606,20190203,台湾省,710000,台湾省,710000,23.14820916
6607,20190204,台湾省,710000,台湾省,710000,19.9898722605
6608,20190205,台湾省,710000,台湾省,710000,20.1080303842
6609,20190206,台湾省,710000,台湾省,710000,21.8402845643
6610,20190207,台湾省,710000,台湾省,710000,22.7852388729
6611,20190208,台湾省,710000,台湾省,710000,19.5594773943
6612,20190209,台湾省,710000,台湾省,710000,19.3349282633
6613,20190210,台湾省,710000,台湾省,710000,19.776977344
6614,20190211,台湾省,710000,台湾省,710000,19.3070767576
6615,20190212,台湾省,710000,台湾省,710000,21.4783018502
6616,20190213,台湾省,710000,台湾省,710000,21.3219597123
6617,20190214,台湾省,710000,台湾省,710000,21.1655409119
6618,20190215,台湾省,710000,台湾省,710000,22.1781807163
6619,20190216,台湾省,710000,台湾省,710000,20.4950193709
6620,20190217,台湾省,710000,台湾省,710000,19.7747629773
6621,20190218,台湾省,710000,台湾省,710000,21.8721599796
6622,20190219,台湾省,710000,台湾省,710000,23.6241136898
6623,20190220,台湾省,710000,台湾省,710000,23.4866939458
6624,20190221,台湾省,710000,台湾省,710000,22.3223096024
6625,20190222,台湾省,710000,台湾省,710000,19.675106623
6626,20190223,台湾省,710000,台湾省,710000,17.7103238214
6627,20190224,台湾省,710000,台湾省,710000,17.8848317645
6628,20190225,台湾省,710000,台湾省,710000,20.0319638036
6629,20190226,台湾省,710000,台湾省,710000,20.6044445905
6630,20190227,台湾省,710000,台湾省,710000,22.2846669067
6631,20190228,台湾省,710000,台湾省,710000,21.4057882699
6632,20190301,台湾省,710000,台湾省,710000,21.2555457895
6633,20190302,台湾省,710000,台湾省,710000,22.8682003238
6634,20190303,台湾省,710000,台湾省,710000,20.7363659035
6635,20190304,台湾省,710000,台湾省,710000,20.723198804
6636,20190305,台湾省,710000,台湾省,710000,21.3977503126
6637,20190306,台湾省,710000,台湾省,710000,20.2841687202
6638,20190307,台湾省,710000,台湾省,710000,15.0622388341
6639,20190308,台湾省,710000,台湾省,710000,17.2032867995
6640,20190309,台湾省,710000,台湾省,710000,20.4554699768
6641,20190310,台湾省,710000,台湾省,710000,19.2177661766
6642,20190311,台湾省,710000,台湾省,710000,17.7462704832
6643,20190312,台湾省,710000,台湾省,710000,21.4010169289
6644,20190313,台湾省,710000,台湾省,710000,21.7907608639
6645,20190314,台湾省,710000,台湾省,710000,21.3446741104
6646,20190315,台湾省,710000,台湾省,710000,18.8611583059
6647,20190316,台湾省,710000,台湾省,710000,20.484431917
6648,20190317,台湾省,710000,台湾省,710000,21.5631075989
6649,20190318,台湾省,710000,台湾省,710000,22.2247282158
6650,20190319,台湾省,710000,台湾省,710000,23.3083340905
6651,20190320,台湾省,710000,台湾省,710000,25.1771733978
6652,20190321,台湾省,710000,台湾省,710000,25.5356274085
6653,20190322,台湾省,710000,台湾省,710000,22.3523692001
6654,20190323,台湾省,710000,台湾省,710000,17.6473562176
6655,20190324,台湾省,710000,台湾省,710000,18.822342114
6656,20190325,台湾省,710000,台湾省,710000,21.1858366186
6657,20190326,台湾省,710000,台湾省,710000,22.0010091825
6658,20190327,台湾省,710000,台湾省,710000,24.1790686521
6659,20190328,台湾省,710000,台湾省,710000,25.6279224916
6660,20190329,台湾省,710000,台湾省,710000,23.9431045272
6661,20190330,台湾省,710000,台湾省,710000,23.1733310656
6662,20190331,台湾省,710000,台湾省,710000,21.4112845551
6663,20190401,台湾省,710000,台湾省,710000,19.1420325799
6664,20190402,台湾省,710000,台湾省,710000,21.9557391947
6665,20190403,台湾省,710000,台湾省,710000,22.2618772767
6666,20190404,台湾省,710000,台湾省,710000,23.6486971378
6667,20190405,台湾省,710000,台湾省,710000,23.1995716745
6668,20190406,台湾省,710000,台湾省,710000,24.2493299137
6669,20190407,台湾省,710000,台湾省,710000,25.3164941398
6670,20190408,台湾省,710000,台湾省,710000,26.1601409479
6671,20190409,台湾省,710000,台湾省,710000,27.0410110083
6672,20190410,台湾省,710000,台湾省,710000,25.5162117481
6673,20190411,台湾省,710000,台湾省,710000,23.6255138787
6674,20190412,台湾省,710000,台湾省,710000,22.1640983061
6675,20190413,台湾省,710000,台湾省,710000,23.7471440272
6676,20190414,台湾省,710000,台湾省,710000,24.3764928254
6677,20190415,台湾省,710000,台湾省,710000,21.8862783042
6678,20190416,台湾省,710000,台湾省,710000,21.4507279613
6679,20190417,台湾省,710000,台湾省,710000,23.7040178993
6680,20190418,台湾省,710000,台湾省,710000,25.5921844786
6681,20190419,台湾省,710000,台湾省,710000,24.2418124242
6682,20190420,台湾省,710000,台湾省,710000,25.9627322934
6683,20190421,台湾省,710000,台湾省,710000,25.5221517303
6684,20190422,台湾省,710000,台湾省,710000,27.4712743542
6685,20190423,台湾省,710000,台湾省,710000,27.9255591523
6686,20190424,台湾省,710000,台湾省,710000,27.8381130262
6687,20190425,台湾省,710000,台湾省,710000,27.902729598
6688,20190426,台湾省,710000,台湾省,710000,27.0584272038
6689,20190427,台湾省,710000,台湾省,710000,25.8954829303
6690,20190428,台湾省,710000,台湾省,710000,26.4964435534
6691,20190429,台湾省,710000,台湾省,710000,27.9715715105
6692,20190430,台湾省,710000,台湾省,710000,27.7558693019
6693,20190501,台湾省,710000,台湾省,710000,22.8993381153
6694,20190502,台湾省,710000,台湾省,710000,21.0974692648
6695,20190503,台湾省,710000,台湾省,710000,22.9127234762
6696,20190504,台湾省,710000,台湾省,710000,24.3285213167
6697,20190505,台湾省,710000,台湾省,710000,23.9296749939
6698,20190506,台湾省,710000,台湾省,710000,21.0213362737
6699,20190507,台湾省,710000,台湾省,710000,21.1593443697
6700,20190508,台湾省,710000,台湾省,710000,23.1313241178
6701,20190509,台湾省,710000,台湾省,710000,23.7211807641
6702,20190510,台湾省,710000,台湾省,710000,24.483763478
6703,20190511,台湾省,710000,台湾省,710000,26.1141747345
6704,20190512,台湾省,710000,台湾省,710000,27.3273569887
6705,20190513,台湾省,710000,台湾省,710000,27.8140985532
6706,20190514,台湾省,710000,台湾省,710000,28.0763764598
6707,20190515,台湾省,710000,台湾省,710000,27.9643821933
6708,20190516,台湾省,710000,台湾省,710000,28.2744595138
6709,20190517,台湾省,710000,台湾省,710000,27.5751628442
6710,20190518,台湾省,710000,台湾省,710000,27.8145507249
6711,20190519,台湾省,710000,台湾省,710000,28.5140543851
6712,20190520,台湾省,710000,台湾省,710000,24.723100944
6713,20190521,台湾省,710000,台湾省,710000,23.8665733121
6714,20190522,台湾省,710000,台湾省,710000,24.9071919485
6715,20190523,台湾省,710000,台湾省,710000,24.3987858512
6716,20190524,台湾省,710000,台湾省,710000,26.360487201
6717,20190525,台湾省,710000,台湾省,710000,26.8079167063
6718,20190526,台湾省,710000,台湾省,710000,28.0698033246
6719,20190527,台湾省,710000,台湾省,710000,27.2537705898
6720,20190528,台湾省,710000,台湾省,710000,25.5714392445
6721,20190529,台湾省,710000,台湾省,710000,24.2757469524
6722,20190530,台湾省,710000,台湾省,710000,26.9917922453
6723,20190531,台湾省,710000,台湾省,710000,28.207828305
6724,20190601,台湾省,710000,台湾省,710000,28.0460118164
6725,20190602,台湾省,710000,台湾省,710000,29.0113955411
6726,20190603,台湾省,710000,台湾省,710000,28.792001009
6727,20190604,台湾省,710000,台湾省,710000,26.6149429625
6728,20190605,台湾省,710000,台湾省,710000,28.9498775222
6729,20190606,台湾省,710000,台湾省,710000,29.6482159008
6730,20190607,台湾省,710000,台湾省,710000,29.5333909772
6731,20190608,台湾省,710000,台湾省,710000,29.5407053124
6732,20190609,台湾省,710000,台湾省,710000,29.9845520366
6733,20190610,台湾省,710000,台湾省,710000,26.9972594435
6734,20190611,台湾省,710000,台湾省,710000,25.3435795307
6735,20190612,台湾省,710000,台湾省,710000,25.3239796595
6736,20190613,台湾省,710000,台湾省,710000,26.629802032
6737,20190614,台湾省,710000,台湾省,710000,25.4859832417
6738,20190615,台湾省,710000,台湾省,710000,26.7082741044
6739,20190616,台湾省,710000,台湾省,710000,27.8625357151
6740,20190617,台湾省,710000,台湾省,710000,28.8954929222
6741,20190618,台湾省,710000,台湾省,710000,29.9727151611
6742,20190619,台湾省,710000,台湾省,710000,30.4297193831
6743,20190620,台湾省,710000,台湾省,710000,30.1708630432
6744,20190621,台湾省,710000,台湾省,710000,30.6396778714
6745,20190622,台湾省,710000,台湾省,710000,29.8022451618
6746,20190623,台湾省,710000,台湾省,710000,27.2023440058
6747,20190624,台湾省,710000,台湾省,710000,26.5946955681
6748,20190625,台湾省,710000,台湾省,710000,27.4299368642
6749,20190626,台湾省,710000,台湾省,710000,27.6707661585
6750,20190627,台湾省,710000,台湾省,710000,28.5335746028
6751,20190628,台湾省,710000,台湾省,710000,30.3269241073
6752,20190629,台湾省,710000,台湾省,710000,29.922878157
6753,20190630,台湾省,710000,台湾省,710000,29.8530638435
6754,20190701,台湾省,710000,台湾省,710000,30.4560329264
6755,20190702,台湾省,710000,台湾省,710000,28.0414049842
6756,20190703,台湾省,710000,台湾省,710000,27.8576535528
6757,20190704,台湾省,710000,台湾省,710000,29.2265611128
6758,20190705,台湾省,710000,台湾省,710000,29.2220757008
6759,20190706,台湾省,710000,台湾省,710000,29.1725709222
6760,20190707,台湾省,710000,台湾省,710000,29.6587413008
6761,20190708,台湾省,710000,台湾省,710000,29.5226117047
6762,20190709,台湾省,710000,台湾省,710000,29.2211182768
6763,20190710,台湾省,710000,台湾省,710000,29.2788098075
6764,20190711,台湾省,710000,台湾省,710000,28.2719486627
6765,20190712,台湾省,710000,台湾省,710000,29.6971375075
6766,20190713,台湾省,710000,台湾省,710000,30.3498408361
6767,20190714,台湾省,710000,台湾省,710000,30.1474530697
6768,20190715,台湾省,710000,台湾省,710000,30.2892055295
6769,20190716,台湾省,710000,台湾省,710000,30.3516316847
6770,20190717,台湾省,710000,台湾省,710000,30.6269263354
6771,20190718,台湾省,710000,台湾省,710000,28.6507852944
6772,20190719,台湾省,710000,台湾省,710000,28.8593606732
6773,20190720,台湾省,710000,台湾省,710000,28.4411199093
6774,20190721,台湾省,710000,台湾省,710000,28.420247143
6775,20190722,台湾省,710000,台湾省,710000,27.8840094046
6776,20190723,台湾省,710000,台湾省,710000,28.4722737833
6777,20190724,台湾省,710000,台湾省,710000,29.3799391226
6778,20190725,台湾省,710000,台湾省,710000,29.9308155883
6779,20190726,台湾省,710000,台湾省,710000,29.7792890289
6780,20190727,台湾省,710000,台湾省,710000,28.4683369723
6781,20190728,台湾省,710000,台湾省,710000,29.1616373062
6782,20190729,台湾省,710000,台湾省,710000,30.0928764777
6783,20190730,台湾省,710000,台湾省,710000,30.2384459322
6784,20190731,台湾省,710000,台湾省,710000,30.3641020818
6785,20190801,台湾省,710000,台湾省,710000,28.7318190228
6786,20190802,台湾省,710000,台湾省,710000,28.3845935735
6787,20190803,台湾省,710000,台湾省,710000,29.3587669026
6788,20190804,台湾省,710000,台湾省,710000,30.2038415345
6789,20190805,台湾省,710000,台湾省,710000,29.7061881152
6790,20190806,台湾省,710000,台湾省,710000,29.5803715532
6791,20190807,台湾省,710000,台湾省,710000,29.6810234026
6792,20190808,台湾省,710000,台湾省,710000,29.1401423324
6793,20190809,台湾省,710000,台湾省,710000,29.4262407476
6794,20190810,台湾省,710000,台湾省,710000,30.7013207999
6795,20190811,台湾省,710000,台湾省,710000,30.2634302703
6796,20190812,台湾省,710000,台湾省,710000,28.4726886316
6797,20190813,台湾省,710000,台湾省,710000,28.332542181
6798,20190814,台湾省,710000,台湾省,710000,29.4973453392
6799,20190815,台湾省,710000,台湾省,710000,28.5651589524
6800,20190816,台湾省,710000,台湾省,710000,27.8486588868
6801,20190817,台湾省,710000,台湾省,710000,27.9949537191
6802,20190818,台湾省,710000,台湾省,710000,26.740638993
6803,20190819,台湾省,710000,台湾省,710000,26.1585047245
6804,20190820,台湾省,710000,台湾省,710000,27.1060017672
6805,20190821,台湾省,710000,台湾省,710000,27.4373875748
6806,20190822,台湾省,710000,台湾省,710000,29.4895884124
6807,20190823,台湾省,710000,台湾省,710000,29.6865744157
6808,20190824,台湾省,710000,台湾省,710000,27.651333137
6809,20190825,台湾省,710000,台湾省,710000,28.1142399094
6810,20190826,台湾省,710000,台湾省,710000,29.2945400802
6811,20190827,台湾省,710000,台湾省,710000,29.3875456073
6812,20190828,台湾省,710000,台湾省,710000,30.0462870164
6813,20190829,台湾省,710000,台湾省,710000,29.715594335
6814,20190830,台湾省,710000,台湾省,710000,27.6506303007
6815,20190831,台湾省,710000,台湾省,710000,29.5702113455
6816,20190901,台湾省,710000,台湾省,710000,28.358888301
6817,20190902,台湾省,710000,台湾省,710000,29.1730127118
6818,20190903,台湾省,710000,台湾省,710000,28.8236068596
6819,20190904,台湾省,710000,台湾省,710000,26.7267272472
6820,20190905,台湾省,710000,台湾省,710000,27.6161441803
6821,20190906,台湾省,710000,台湾省,710000,28.3017895872
6822,20190907,台湾省,710000,台湾省,710000,28.3971646699
6823,20190908,台湾省,710000,台湾省,710000,28.1396764842
6824,20190909,台湾省,710000,台湾省,710000,28.6477290284
6825,20190910,台湾省,710000,台湾省,710000,28.1471114809
6826,20190911,台湾省,710000,台湾省,710000,29.5005934455
6827,20190912,台湾省,710000,台湾省,710000,29.4743124355
6828,20190913,台湾省,710000,台湾省,710000,29.0646342581
6829,20190914,台湾省,710000,台湾省,710000,28.8656187274
6830,20190915,台湾省,710000,台湾省,710000,27.5852316943
6831,20190916,台湾省,710000,台湾省,710000,27.5004098415
6832,20190917,台湾省,710000,台湾省,710000,27.7340899381
6833,20190918,台湾省,710000,台湾省,710000,27.2182610902
6834,20190919,台湾省,710000,台湾省,710000,26.5559487343
6835,20190920,台湾省,710000,台湾省,710000,25.1258714416
6836,20190921,台湾省,710000,台湾省,710000,24.6085460186
6837,20190922,台湾省,710000,台湾省,710000,25.2209474173
6838,20190923,台湾省,710000,台湾省,710000,25.5396390395
6839,20190924,台湾省,710000,台湾省,710000,26.1669269258
6840,20190925,台湾省,710000,台湾省,710000,25.9260362495
6841,20190926,台湾省,710000,台湾省,710000,26.8067768487
6842,20190927,台湾省,710000,台湾省,710000,26.3516128713
6843,20190928,台湾省,710000,台湾省,710000,27.3278672478
6844,20190929,台湾省,710000,台湾省,710000,27.9808990522
6845,20190930,台湾省,710000,台湾省,710000,25.8512929786
6846,20191001,台湾省,710000,台湾省,710000,27.56400557
6847,20191002,台湾省,710000,台湾省,710000,28.6597904726
6848,20191003,台湾省,710000,台湾省,710000,28.0580602776
6849,20191004,台湾省,710000,台湾省,710000,27.6998925643
6850,20191005,台湾省,710000,台湾省,710000,27.8853689107
6851,20191006,台湾省,710000,台湾省,710000,27.2478178631
6852,20191007,台湾省,710000,台湾省,710000,27.4270894744
6853,20191008,台湾省,710000,台湾省,710000,27.2850898179
6854,20191009,台湾省,710000,台湾省,710000,26.5802218047
6855,20191010,台湾省,710000,台湾省,710000,26.6293056878
6856,20191011,台湾省,710000,台湾省,710000,26.4274723313
6857,20191012,台湾省,710000,台湾省,710000,27.0856851231
6858,20191013,台湾省,710000,台湾省,710000,26.4479699352
6859,20191014,台湾省,710000,台湾省,710000,26.0289689628
6860,20191015,台湾省,710000,台湾省,710000,25.0413101586
6861,20191016,台湾省,710000,台湾省,710000,24.8812616305
6862,20191017,台湾省,710000,台湾省,710000,24.9755569588
6863,20191018,台湾省,710000,台湾省,710000,24.6144069542
6864,20191019,台湾省,710000,台湾省,710000,24.4449444034
6865,20191020,台湾省,710000,台湾省,710000,24.2520152656
6866,20191021,台湾省,710000,台湾省,710000,23.8752631057
6867,20191022,台湾省,710000,台湾省,710000,24.7253725529
6868,20191023,台湾省,710000,台湾省,710000,25.006322644
6869,20191024,台湾省,710000,台湾省,710000,24.7441900427
6870,20191025,台湾省,710000,台湾省,710000,24.6516055844
6871,20191026,台湾省,710000,台湾省,710000,24.6180645769
6872,20191027,台湾省,710000,台湾省,710000,24.7529100938
6873,20191028,台湾省,710000,台湾省,710000,24.7792247425
6874,20191029,台湾省,710000,台湾省,710000,23.8882780725
6875,20191030,台湾省,710000,台湾省,710000,24.6019260233
6876,20191031,台湾省,710000,台湾省,710000,25.0988662893
6877,20191101,台湾省,710000,台湾省,710000,25.0845548673
6878,20191102,台湾省,710000,台湾省,710000,25.1904669675
6879,20191103,台湾省,710000,台湾省,710000,25.0338554816
6880,20191104,台湾省,710000,台湾省,710000,23.2511708953
6881,20191105,台湾省,710000,台湾省,710000,23.3086615476
6882,20191106,台湾省,710000,台湾省,710000,23.7710167711
6883,20191107,台湾省,710000,台湾省,710000,24.0599322753
6884,20191108,台湾省,710000,台湾省,710000,22.8678910949
6885,20191109,台湾省,710000,台湾省,710000,21.655234792
6886,20191110,台湾省,710000,台湾省,710000,21.7977452495
6887,20191111,台湾省,710000,台湾省,710000,22.4311636578
6888,20191112,台湾省,710000,台湾省,710000,23.1233278621
6889,20191113,台湾省,710000,台湾省,710000,23.7780075507
6890,20191114,台湾省,710000,台湾省,710000,21.80351292
6891,20191115,台湾省,710000,台湾省,710000,22.4679261988
6892,20191116,台湾省,710000,台湾省,710000,23.252203031
6893,20191117,台湾省,710000,台湾省,710000,24.3022304231
6894,20191118,台湾省,710000,台湾省,710000,22.8700090322
6895,20191119,台湾省,710000,台湾省,710000,20.421419057
6896,20191120,台湾省,710000,台湾省,710000,21.0646589236
6897,20191121,台湾省,710000,台湾省,710000,22.7075758631
6898,20191122,台湾省,710000,台湾省,710000,23.8596841855
6899,20191123,台湾省,710000,台湾省,710000,24.0046070056
6900,20191124,台湾省,710000,台湾省,710000,24.0549249866
6901,20191125,台湾省,710000,台湾省,710000,22.7295714292
6902,20191126,台湾省,710000,台湾省,710000,22.5286641771
6903,20191127,台湾省,710000,台湾省,710000,22.3307633833
6904,20191128,台湾省,710000,台湾省,710000,19.6560696255
6905,20191129,台湾省,710000,台湾省,710000,20.4048177979
6906,20191130,台湾省,710000,台湾省,710000,21.4772839546
6907,20191201,台湾省,710000,台湾省,710000,22.0239849958
6908,20191202,台湾省,710000,台湾省,710000,17.5794302442
6909,20191203,台湾省,710000,台湾省,710000,18.3995679292
6910,20191204,台湾省,710000,台湾省,710000,17.4981187257
6911,20191205,台湾省,710000,台湾省,710000,16.0548866662
6912,20191206,台湾省,710000,台湾省,710000,15.7476538203
6913,20191207,台湾省,710000,台湾省,710000,15.9745348367
6914,20191208,台湾省,710000,台湾省,710000,17.4591648687
6915,20191209,台湾省,710000,台湾省,710000,18.7551183484
6916,20191210,台湾省,710000,台湾省,710000,19.8943529129
6917,20191211,台湾省,710000,台湾省,710000,19.9456412359
6918,20191212,台湾省,710000,台湾省,710000,19.602978663
6919,20191213,台湾省,710000,台湾省,710000,20.1410630833
6920,20191214,台湾省,710000,台湾省,710000,20.9591160254
6921,20191215,台湾省,710000,台湾省,710000,21.2019069628
6922,20191216,台湾省,710000,台湾省,710000,21.8255723823
6923,20191217,台湾省,710000,台湾省,710000,23.7385452877
6924,20191218,台湾省,710000,台湾省,710000,21.7801510854
6925,20191219,台湾省,710000,台湾省,710000,20.5797849135
6926,20191220,台湾省,710000,台湾省,710000,19.9839781198
6927,20191221,台湾省,710000,台湾省,710000,21.0120334625
6928,20191222,台湾省,710000,台湾省,710000,21.2874343178
6929,20191223,台湾省,710000,台湾省,710000,20.5594580173
6930,20191224,台湾省,710000,台湾省,710000,20.7797043974
6931,20191225,台湾省,710000,台湾省,710000,21.4771356366
6932,20191226,台湾省,710000,台湾省,710000,21.2014939135
6933,20191227,台湾省,710000,台湾省,710000,17.4530605078
6934,20191228,台湾省,710000,台湾省,710000,19.9156618552
6935,20191229,台湾省,710000,台湾省,710000,19.276312568
6936,20191230,台湾省,710000,台湾省,710000,20.2575799118
6937,20191231,台湾省,710000,台湾省,710000,17.4768129262
6938,20200101,台湾省,710000,台湾省,710000,17.8893254237
6939,20200102,台湾省,710000,台湾省,710000,19.4433707324
6940,20200103,台湾省,710000,台湾省,710000,19.839078253
6941,20200104,台湾省,710000,台湾省,710000,20.3847801685
6942,20200105,台湾省,710000,台湾省,710000,20.9567555948
6943,20200106,台湾省,710000,台湾省,710000,20.6328328523
6944,20200107,台湾省,710000,台湾省,710000,21.5912889784
6945,20200108,台湾省,710000,台湾省,710000,19.4884320606
6946,20200109,台湾省,710000,台湾省,710000,19.6718542576
6947,20200110,台湾省,710000,台湾省,710000,20.6015852581
6948,20200111,台湾省,710000,台湾省,710000,19.9419906573
6949,20200112,台湾省,710000,台湾省,710000,16.8166552349
6950,20200113,台湾省,710000,台湾省,710000,18.1777923324
6951,20200114,台湾省,710000,台湾省,710000,18.8962555582
6952,20200115,台湾省,710000,台湾省,710000,19.0764865658
6953,20200116,台湾省,710000,台湾省,710000,19.8016467528
6954,20200117,台湾省,710000,台湾省,710000,16.8298327814
6955,20200118,台湾省,710000,台湾省,710000,16.2207487605
6956,20200119,台湾省,710000,台湾省,710000,17.0227970318
6957,20200120,台湾省,710000,台湾省,710000,17.4826047854
6958,20200121,台湾省,710000,台湾省,710000,18.9514011686
6959,20200122,台湾省,710000,台湾省,710000,21.7927679365
6960,20200123,台湾省,710000,台湾省,710000,22.7231947725
6961,20200124,台湾省,710000,台湾省,710000,21.7163399783
6962,20200125,台湾省,710000,台湾省,710000,20.8171879812
6963,20200126,台湾省,710000,台湾省,710000,18.546939308
6964,20200127,台湾省,710000,台湾省,710000,16.9061371955
6965,20200128,台湾省,710000,台湾省,710000,14.715859359
6966,20200129,台湾省,710000,台湾省,710000,13.7942054814
6967,20200130,台湾省,710000,台湾省,710000,13.044249372
6968,20200131,台湾省,710000,台湾省,710000,14.0385365811
6969,20200201,台湾省,710000,台湾省,710000,15.5215641477
6970,20200202,台湾省,710000,台湾省,710000,17.7663644227
6971,20200203,台湾省,710000,台湾省,710000,18.4998711022
6972,20200204,台湾省,710000,台湾省,710000,18.147609559
6973,20200205,台湾省,710000,台湾省,710000,17.7624060783
6974,20200206,台湾省,710000,台湾省,710000,19.4215403687
6975,20200207,台湾省,710000,台湾省,710000,18.2696995735
6976,20200208,台湾省,710000,台湾省,710000,17.1212219758
6977,20200209,台湾省,710000,台湾省,710000,16.0033216693
6978,20200210,台湾省,710000,台湾省,710000,18.1931696805
6979,20200211,台湾省,710000,台湾省,710000,19.4337229729
6980,20200212,台湾省,710000,台湾省,710000,22.5346473564
6981,20200213,台湾省,710000,台湾省,710000,22.68628814
6982,20200214,台湾省,710000,台湾省,710000,22.8882095814
6983,20200215,台湾省,710000,台湾省,710000,24.0391568271
6984,20200216,台湾省,710000,台湾省,710000,15.6313069625
6985,20200217,台湾省,710000,台湾省,710000,13.0473667492
6986,20200218,台湾省,710000,台湾省,710000,14.9139202183
6987,20200219,台湾省,710000,台湾省,710000,17.5035595352
6988,20200220,台湾省,710000,台湾省,710000,19.0409875783
6989,20200221,台湾省,710000,台湾省,710000,19.5965137265
6990,20200222,台湾省,710000,台湾省,710000,20.0500591451
6991,20200223,台湾省,710000,台湾省,710000,20.3117634817
6992,20200224,台湾省,710000,台湾省,710000,21.3983072801
6993,20200225,台湾省,710000,台湾省,710000,23.4439477921
6994,20200226,台湾省,710000,台湾省,710000,23.4500283761
6995,20200227,台湾省,710000,台湾省,710000,21.0195519707
6996,20200228,台湾省,710000,台湾省,710000,21.9340694167
6997,20200229,台湾省,710000,台湾省,710000,23.3574141589
6998,20200301,台湾省,710000,台湾省,710000,22.3507287719
6999,20200302,台湾省,710000,台湾省,710000,19.8727700494
7000,20200303,台湾省,710000,台湾省,710000,21.997321649
7001,20200304,台湾省,710000,台湾省,710000,19.428854162
7002,20200305,台湾省,710000,台湾省,710000,17.5535760359
7003,20200306,台湾省,710000,台湾省,710000,20.8027944565
7004,20200307,台湾省,710000,台湾省,710000,23.0304216905
7005,20200308,台湾省,710000,台湾省,710000,23.220939116
7006,20200309,台湾省,710000,台湾省,710000,25.136403734
7007,20200310,台湾省,710000,台湾省,710000,19.3255279064
7008,20200311,台湾省,710000,台湾省,710000,19.7361338355
7009,20200312,台湾省,710000,台湾省,710000,21.9804850275
7010,20200313,台湾省,710000,台湾省,710000,22.0049068278
7011,20200314,台湾省,710000,台湾省,710000,16.7274327061
7012,20200315,台湾省,710000,台湾省,710000,18.2153975747
7013,20200316,台湾省,710000,台湾省,710000,20.4242726023
7014,20200317,台湾省,710000,台湾省,710000,21.2951811444
7015,20200318,台湾省,710000,台湾省,710000,21.8468684717
7016,20200319,台湾省,710000,台湾省,710000,22.659274383
7017,20200320,台湾省,710000,台湾省,710000,22.3758262504
7018,20200321,台湾省,710000,台湾省,710000,24.3745013801
7019,20200322,台湾省,710000,台湾省,710000,25.2169322101
7020,20200323,台湾省,710000,台湾省,710000,23.4660266963
7021,20200324,台湾省,710000,台湾省,710000,23.3179204897
7022,20200325,台湾省,710000,台湾省,710000,24.7317635796
7023,20200326,台湾省,710000,台湾省,710000,26.7172117233
7024,20200327,台湾省,710000,台湾省,710000,25.8824286244
7025,20200328,台湾省,710000,台湾省,710000,19.8821684881
7026,20200329,台湾省,710000,台湾省,710000,20.7646307078
7027,20200330,台湾省,710000,台湾省,710000,22.3197059631
7028,20200331,台湾省,710000,台湾省,710000,23.3134858825
7029,20200401,台湾省,710000,台湾省,710000,20.7875777808
7030,20200402,台湾省,710000,台湾省,710000,20.8293509483
7031,20200403,台湾省,710000,台湾省,710000,21.5758477558
7032,20200404,台湾省,710000,台湾省,710000,20.3892825083
7033,20200405,台湾省,710000,台湾省,710000,19.1705626141
7034,20200406,台湾省,710000,台湾省,710000,18.9962207621
7035,20200407,台湾省,710000,台湾省,710000,19.3905300877
7036,20200408,台湾省,710000,台湾省,710000,21.258020466
7037,20200409,台湾省,710000,台湾省,710000,21.7570476749
7038,20200410,台湾省,710000,台湾省,710000,23.3749307502
7039,20200411,台湾省,710000,台湾省,710000,21.8068260063
7040,20200412,台湾省,710000,台湾省,710000,17.3214365677
7041,20200413,台湾省,710000,台湾省,710000,19.1770417474
7042,20200414,台湾省,710000,台湾省,710000,20.9345395782
7043,20200415,台湾省,710000,台湾省,710000,21.7591528026
7044,20200416,台湾省,710000,台湾省,710000,23.2594413107
7045,20200417,台湾省,710000,台湾省,710000,24.6979978518
7046,20200418,台湾省,710000,台湾省,710000,26.213082747
7047,20200419,台湾省,710000,台湾省,710000,26.4403704296
7048,20200420,台湾省,710000,台湾省,710000,25.6456772631
7049,20200421,台湾省,710000,台湾省,710000,24.1077266823
7050,20200422,台湾省,710000,台湾省,710000,21.909263199
7051,20200423,台湾省,710000,台湾省,710000,20.2156717127
7052,20200424,台湾省,710000,台湾省,710000,19.7302370938
7053,20200425,台湾省,710000,台湾省,710000,22.5033811439
7054,20200426,台湾省,710000,台湾省,710000,23.4614924518
7055,20200427,台湾省,710000,台湾省,710000,23.6265061118
7056,20200428,台湾省,710000,台湾省,710000,24.4058807546
7057,20200429,台湾省,710000,台湾省,710000,24.8115846894
7058,20200430,台湾省,710000,台湾省,710000,26.0218657797
7059,20200501,台湾省,710000,台湾省,710000,26.9768069874
7060,20200502,台湾省,710000,台湾省,710000,27.6204721061
7061,20200503,台湾省,710000,台湾省,710000,27.6900267384
7062,20200504,台湾省,710000,台湾省,710000,28.2058075341
7063,20200505,台湾省,710000,台湾省,710000,28.6571102576
7064,20200506,台湾省,710000,台湾省,710000,27.7493571802
7065,20200507,台湾省,710000,台湾省,710000,27.4651668505
7066,20200508,台湾省,710000,台湾省,710000,28.7171536359
7067,20200509,台湾省,710000,台湾省,710000,29.4340672059
7068,20200510,台湾省,710000,台湾省,710000,28.8020282875
7069,20200511,台湾省,710000,台湾省,710000,27.6781813015
7070,20200512,台湾省,710000,台湾省,710000,25.6811560934
7071,20200513,台湾省,710000,台湾省,710000,27.367921179
7072,20200514,台湾省,710000,台湾省,710000,28.2108353702
7073,20200515,台湾省,710000,台湾省,710000,29.1187257116
7074,20200516,台湾省,710000,台湾省,710000,27.7506192597
7075,20200517,台湾省,710000,台湾省,710000,28.207559954
7076,20200518,台湾省,710000,台湾省,710000,26.8694424629
7077,20200519,台湾省,710000,台湾省,710000,24.180033402
7078,20200520,台湾省,710000,台湾省,710000,25.4642645012
7079,20200521,台湾省,710000,台湾省,710000,25.1121037006
7080,20200522,台湾省,710000,台湾省,710000,24.586498759
7081,20200523,台湾省,710000,台湾省,710000,25.1822842685
7082,20200524,台湾省,710000,台湾省,710000,26.6996433301
7083,20200525,台湾省,710000,台湾省,710000,27.8400421793
7084,20200526,台湾省,710000,台湾省,710000,27.3026846539
7085,20200527,台湾省,710000,台湾省,710000,25.2681023208
7086,20200528,台湾省,710000,台湾省,710000,25.9497274702
7087,20200529,台湾省,710000,台湾省,710000,27.1435060935
7088,20200530,台湾省,710000,台湾省,710000,29.0607940717
7089,20200531,台湾省,710000,台湾省,710000,29.2152405435
7090,20200601,台湾省,710000,台湾省,710000,29.2219108668
7091,20200602,台湾省,710000,台湾省,710000,29.2148482366
7092,20200603,台湾省,710000,台湾省,710000,29.7631507137
7093,20200604,台湾省,710000,台湾省,710000,29.9622812921
7094,20200605,台湾省,710000,台湾省,710000,30.0686325593
7095,20200606,台湾省,710000,台湾省,710000,29.4063143297
7096,20200607,台湾省,710000,台湾省,710000,27.7126037858
7097,20200608,台湾省,710000,台湾省,710000,26.3780770735
7098,20200609,台湾省,710000,台湾省,710000,27.2961852117
7099,20200610,台湾省,710000,台湾省,710000,29.2527024096
7100,20200611,台湾省,710000,台湾省,710000,29.3424088955
7101,20200612,台湾省,710000,台湾省,710000,29.5399377129
7102,20200613,台湾省,710000,台湾省,710000,29.5788219842
7103,20200614,台湾省,710000,台湾省,710000,28.7693182989
7104,20200615,台湾省,710000,台湾省,710000,29.9319379763
7105,20200616,台湾省,710000,台湾省,710000,29.9885168509
7106,20200617,台湾省,710000,台湾省,710000,30.3057698553
7107,20200618,台湾省,710000,台湾省,710000,30.2490753044
7108,20200619,台湾省,710000,台湾省,710000,30.3037289273
7109,20200620,台湾省,710000,台湾省,710000,30.5721414089
7110,20200621,台湾省,710000,台湾省,710000,29.9964442687
7111,20200622,台湾省,710000,台湾省,710000,30.5576900786
7112,20200623,台湾省,710000,台湾省,710000,30.6558065631
7113,20200624,台湾省,710000,台湾省,710000,30.4042617624
7114,20200625,台湾省,710000,台湾省,710000,30.4154341221
7115,20200626,台湾省,710000,台湾省,710000,29.2945227406
7116,20200627,台湾省,710000,台湾省,710000,30.2858295441
7117,20200628,台湾省,710000,台湾省,710000,30.2046155279
7118,20200629,台湾省,710000,台湾省,710000,30.370173476
7119,20200630,台湾省,710000,台湾省,710000,29.7853085778
7120,20200701,台湾省,710000,台湾省,710000,29.0877838568
7121,20200702,台湾省,710000,台湾省,710000,28.4803402424
7122,20200703,台湾省,710000,台湾省,710000,29.5613282811
7123,20200704,台湾省,710000,台湾省,710000,30.0442497514
7124,20200705,台湾省,710000,台湾省,710000,30.0857508833
7125,20200706,台湾省,710000,台湾省,710000,30.2830826803
7126,20200707,台湾省,710000,台湾省,710000,30.3651166829
7127,20200708,台湾省,710000,台湾省,710000,30.4805452824
7128,20200709,台湾省,710000,台湾省,710000,30.5058792071
7129,20200710,台湾省,710000,台湾省,710000,30.6040157838
7130,20200711,台湾省,710000,台湾省,710000,30.7273679213
7131,20200712,台湾省,710000,台湾省,710000,31.1007930149
7132,20200713,台湾省,710000,台湾省,710000,31.1111083681
7133,20200714,台湾省,710000,台湾省,710000,30.7794736299
7134,20200715,台湾省,710000,台湾省,710000,29.649992596
7135,20200716,台湾省,710000,台湾省,710000,29.8151190064
7136,20200717,台湾省,710000,台湾省,710000,30.3696670099
7137,20200718,台湾省,710000,台湾省,710000,31.0320213491
7138,20200719,台湾省,710000,台湾省,710000,30.0492031358
7139,20200720,台湾省,710000,台湾省,710000,29.289692792
7140,20200721,台湾省,710000,台湾省,710000,30.3694288947
7141,20200722,台湾省,710000,台湾省,710000,30.5979426124
7142,20200723,台湾省,710000,台湾省,710000,30.3331497366
7143,20200724,台湾省,710000,台湾省,710000,31.2395357219
7144,20200725,台湾省,710000,台湾省,710000,29.9756477746
7145,20200726,台湾省,710000,台湾省,710000,29.5701453036
7146,20200727,台湾省,710000,台湾省,710000,29.5110626437
7147,20200728,台湾省,710000,台湾省,710000,28.3754901452
7148,20200729,台湾省,710000,台湾省,710000,29.5571484999
7149,20200730,台湾省,710000,台湾省,710000,29.1367780295
7150,20200731,台湾省,710000,台湾省,710000,29.936662934
7151,20200801,台湾省,710000,台湾省,710000,30.0483005697
7152,20200802,台湾省,710000,台湾省,710000,29.1771286618
7153,20200803,台湾省,710000,台湾省,710000,26.7163689137
7154,20200804,台湾省,710000,台湾省,710000,27.3540753235
7155,20200805,台湾省,710000,台湾省,710000,29.6053926728
7156,20200806,台湾省,710000,台湾省,710000,30.2698330229
7157,20200807,台湾省,710000,台湾省,710000,29.9717699398
7158,20200808,台湾省,710000,台湾省,710000,30.1336846135
7159,20200809,台湾省,710000,台湾省,710000,29.7152014212
7160,20200810,台湾省,710000,台湾省,710000,28.700288079
7161,20200811,台湾省,710000,台湾省,710000,27.4546024149
7162,20200812,台湾省,710000,台湾省,710000,29.3846577081
7163,20200813,台湾省,710000,台湾省,710000,29.3854668574
7164,20200814,台湾省,710000,台湾省,710000,28.9797193137
7165,20200815,台湾省,710000,台湾省,710000,27.8167195103
7166,20200816,台湾省,710000,台湾省,710000,28.8804309151
7167,20200817,台湾省,710000,台湾省,710000,28.9185579473
7168,20200818,台湾省,710000,台湾省,710000,29.0781324343
7169,20200819,台湾省,710000,台湾省,710000,29.9504619512
7170,20200820,台湾省,710000,台湾省,710000,30.0448734327
7171,20200821,台湾省,710000,台湾省,710000,29.0549845262
7172,20200822,台湾省,710000,台湾省,710000,27.9123633341
7173,20200823,台湾省,710000,台湾省,710000,28.8960826397
7174,20200824,台湾省,710000,台湾省,710000,29.8062875704
7175,20200825,台湾省,710000,台湾省,710000,30.0214760954
7176,20200826,台湾省,710000,台湾省,710000,27.6008180922
7177,20200827,台湾省,710000,台湾省,710000,26.9715576389
7178,20200828,台湾省,710000,台湾省,710000,28.2721809691
7179,20200829,台湾省,710000,台湾省,710000,29.4605101239
7180,20200830,台湾省,710000,台湾省,710000,29.4637970491
7181,20200831,台湾省,710000,台湾省,710000,28.271812634
7182,20200901,台湾省,710000,台湾省,710000,29.5556068204
7183,20200902,台湾省,710000,台湾省,710000,30.3169251572
7184,20200903,台湾省,710000,台湾省,710000,28.1138128801
7185,20200904,台湾省,710000,台湾省,710000,29.0199020342
7186,20200905,台湾省,710000,台湾省,710000,28.2767522985
7187,20200906,台湾省,710000,台湾省,710000,27.2061334957
7188,20200907,台湾省,710000,台湾省,710000,28.7459089756
7189,20200908,台湾省,710000,台湾省,710000,29.3614963618
7190,20200909,台湾省,710000,台湾省,710000,29.0916698412
7191,20200910,台湾省,710000,台湾省,710000,28.4803551761
7192,20200911,台湾省,710000,台湾省,710000,29.1584154476
7193,20200912,台湾省,710000,台湾省,710000,28.3775313551
7194,20200913,台湾省,710000,台湾省,710000,28.3442795493
7195,20200914,台湾省,710000,台湾省,710000,29.1118018844
7196,20200915,台湾省,710000,台湾省,710000,29.3488630381
7197,20200916,台湾省,710000,台湾省,710000,29.773350694
7198,20200917,台湾省,710000,台湾省,710000,30.040529988
7199,20200918,台湾省,710000,台湾省,710000,29.6736286553
7200,20200919,台湾省,710000,台湾省,710000,29.2158285488
7201,20200920,台湾省,710000,台湾省,710000,28.1418278001
7202,20200921,台湾省,710000,台湾省,710000,27.9272457253
7203,20200922,台湾省,710000,台湾省,710000,27.6761203029
7204,20200923,台湾省,710000,台湾省,710000,28.1897145835
7205,20200924,台湾省,710000,台湾省,710000,26.558806441
7206,20200925,台湾省,710000,台湾省,710000,26.0745382959
7207,20200926,台湾省,710000,台湾省,710000,25.9706360427
7208,20200927,台湾省,710000,台湾省,710000,25.1238604892
7209,20200928,台湾省,710000,台湾省,710000,25.6441477862
7210,20200929,台湾省,710000,台湾省,710000,26.1887656992
7211,20200930,台湾省,710000,台湾省,710000,24.7446043708
7212,20201001,台湾省,710000,台湾省,710000,26.5787930922
7213,20201002,台湾省,710000,台湾省,710000,27.4700022611
7214,20201003,台湾省,710000,台湾省,710000,27.9948746941
7215,20201004,台湾省,710000,台湾省,710000,28.4023783424
7216,20201005,台湾省,710000,台湾省,710000,26.3765303438
7217,20201006,台湾省,710000,台湾省,710000,25.6954482035
7218,20201007,台湾省,710000,台湾省,710000,25.4003675634
7219,20201008,台湾省,710000,台湾省,710000,25.535407023
7220,20201009,台湾省,710000,台湾省,710000,25.3805688294
7221,20201010,台湾省,710000,台湾省,710000,25.9855499701
7222,20201011,台湾省,710000,台湾省,710000,26.9891795028
7223,20201012,台湾省,710000,台湾省,710000,27.3131652962
7224,20201013,台湾省,710000,台湾省,710000,26.8165282553
7225,20201014,台湾省,710000,台湾省,710000,26.7725255489
7226,20201015,台湾省,710000,台湾省,710000,26.8942487673
7227,20201016,台湾省,710000,台湾省,710000,26.3106442148
7228,20201017,台湾省,710000,台湾省,710000,24.7160397009
7229,20201018,台湾省,710000,台湾省,710000,24.6797934445
7230,20201019,台湾省,710000,台湾省,710000,24.9879846573
7231,20201020,台湾省,710000,台湾省,710000,25.9069108746
7232,20201021,台湾省,710000,台湾省,710000,25.7157539888
7233,20201022,台湾省,710000,台湾省,710000,23.2653346929
7234,20201023,台湾省,710000,台湾省,710000,21.6274619753
7235,20201024,台湾省,710000,台湾省,710000,23.6331225742
7236,20201025,台湾省,710000,台湾省,710000,24.8307713379
7237,20201026,台湾省,710000,台湾省,710000,25.6570488323
7238,20201027,台湾省,710000,台湾省,710000,26.0548303127
7239,20201028,台湾省,710000,台湾省,710000,26.0277068398
7240,20201029,台湾省,710000,台湾省,710000,25.2849201072
7241,20201030,台湾省,710000,台湾省,710000,23.622940627
7242,20201031,台湾省,710000,台湾省,710000,23.8053759878
7243,20201101,台湾省,710000,台湾省,710000,25.0118948763
7244,20201102,台湾省,710000,台湾省,710000,24.690351768
7245,20201103,台湾省,710000,台湾省,710000,22.971056548
7246,20201104,台湾省,710000,台湾省,710000,22.8967569741
7247,20201105,台湾省,710000,台湾省,710000,24.2994442853
7248,20201106,台湾省,710000,台湾省,710000,25.735652295
7249,20201107,台湾省,710000,台湾省,710000,24.6036245389
7250,20201108,台湾省,710000,台湾省,710000,22.1704745076
7251,20201109,台湾省,710000,台湾省,710000,21.1992117708
7252,20201110,台湾省,710000,台湾省,710000,21.5876477198
7253,20201111,台湾省,710000,台湾省,710000,22.9526619478
7254,20201112,台湾省,710000,台湾省,710000,23.6718816107
7255,20201113,台湾省,710000,台湾省,710000,22.9363326376
7256,20201114,台湾省,710000,台湾省,710000,23.0235365954
7257,20201115,台湾省,710000,台湾省,710000,24.2828578949
7258,20201116,台湾省,710000,台湾省,710000,25.3060851097
7259,20201117,台湾省,710000,台湾省,710000,25.1492558609
7260,20201118,台湾省,710000,台湾省,710000,25.6166315295
7261,20201119,台湾省,710000,台湾省,710000,26.4692544287
7262,20201120,台湾省,710000,台湾省,710000,26.1626324654
7263,20201121,台湾省,710000,台湾省,710000,24.807325775
7264,20201122,台湾省,710000,台湾省,710000,24.1384642341
7265,20201123,台湾省,710000,台湾省,710000,23.0486263362
7266,20201124,台湾省,710000,台湾省,710000,22.9839372635
7267,20201125,台湾省,710000,台湾省,710000,24.260304516
7268,20201126,台湾省,710000,台湾省,710000,24.6722542373
7269,20201127,台湾省,710000,台湾省,710000,22.7135311257
7270,20201128,台湾省,710000,台湾省,710000,21.4236207008
7271,20201129,台湾省,710000,台湾省,710000,20.9627100771
7272,20201130,台湾省,710000,台湾省,710000,20.737633185
7273,20201201,台湾省,710000,台湾省,710000,21.2736408494
7274,20201202,台湾省,710000,台湾省,710000,21.199618708
7275,20201203,台湾省,710000,台湾省,710000,18.7118701068
7276,20201204,台湾省,710000,台湾省,710000,18.6508467631
7277,20201205,台湾省,710000,台湾省,710000,19.5902688937
7278,20201206,台湾省,710000,台湾省,710000,21.7152808363
7279,20201207,台湾省,710000,台湾省,710000,21.9160726721
7280,20201208,台湾省,710000,台湾省,710000,20.1758902723
7281,20201209,台湾省,710000,台湾省,710000,20.4658528241
7282,20201210,台湾省,710000,台湾省,710000,21.9393823797
7283,20201211,台湾省,710000,台湾省,710000,22.0835847855
7284,20201212,台湾省,710000,台湾省,710000,20.886485555
7285,20201213,台湾省,710000,台湾省,710000,21.0544167215
7286,20201214,台湾省,710000,台湾省,710000,19.0570462834
7287,20201215,台湾省,710000,台湾省,710000,18.3593395407
7288,20201216,台湾省,710000,台湾省,710000,18.21699719
7289,20201217,台湾省,710000,台湾省,710000,19.1537024975
7290,20201218,台湾省,710000,台湾省,710000,20.4990759763
7291,20201219,台湾省,710000,台湾省,710000,18.2296429764
7292,20201220,台湾省,710000,台湾省,710000,18.2611008449
7293,20201221,台湾省,710000,台湾省,710000,17.4106193131
7294,20201222,台湾省,710000,台湾省,710000,20.1787615473
7295,20201223,台湾省,710000,台湾省,710000,19.6258876107
7296,20201224,台湾省,710000,台湾省,710000,19.3780064583
7297,20201225,台湾省,710000,台湾省,710000,18.7196945927
7298,20201226,台湾省,710000,台湾省,710000,20.7399677147
7299,20201227,台湾省,710000,台湾省,710000,20.8220336437
7300,20201228,台湾省,710000,台湾省,710000,21.370241577
7301,20201229,台湾省,710000,台湾省,710000,21.1951455853
7302,20201230,台湾省,710000,台湾省,710000,12.9694913517
7303,20201231,台湾省,710000,台湾省,710000,11.2491347031
7304,20210101,台湾省,710000,台湾省,710000,14.5605555123
7305,20210102,台湾省,710000,台湾省,710000,16.2803030881
7306,20210103,台湾省,710000,台湾省,710000,18.4665467956
7307,20210104,台湾省,710000,台湾省,710000,19.0481826175
7308,20210105,台湾省,710000,台湾省,710000,18.2043676593
7309,20210106,台湾省,710000,台湾省,710000,16.8698025833
7310,20210107,台湾省,710000,台湾省,710000,13.1885427562
7311,20210108,台湾省,710000,台湾省,710000,9.8596563556
7312,20210109,台湾省,710000,台湾省,710000,10.7521780946
7313,20210110,台湾省,710000,台湾省,710000,14.520789244
7314,20210111,台湾省,710000,台湾省,710000,12.5640286966
7315,20210112,台湾省,710000,台湾省,710000,11.423920057
7316,20210113,台湾省,710000,台湾省,710000,14.4211295951
7317,20210114,台湾省,710000,台湾省,710000,15.8419719284
7318,20210115,台湾省,710000,台湾省,710000,17.023196047
7319,20210116,台湾省,710000,台湾省,710000,18.0826880715
7320,20210117,台湾省,710000,台湾省,710000,14.9864255623
7321,20210118,台湾省,710000,台湾省,710000,15.3969477849
7322,20210119,台湾省,710000,台湾省,710000,17.8923410069
7323,20210120,台湾省,710000,台湾省,710000,19.7818073359
7324,20210121,台湾省,710000,台湾省,710000,21.7848678069
7325,20210122,台湾省,710000,台湾省,710000,21.2098454779
7326,20210123,台湾省,710000,台湾省,710000,19.9234405864
7327,20210124,台湾省,710000,台湾省,710000,18.3843991973
7328,20210125,台湾省,710000,台湾省,710000,18.653144598
7329,20210126,台湾省,710000,台湾省,710000,19.176225012
7330,20210127,台湾省,710000,台湾省,710000,18.4438101162
7331,20210128,台湾省,710000,台湾省,710000,16.8630098755
7332,20210129,台湾省,710000,台湾省,710000,16.0101239031
7333,20210130,台湾省,710000,台湾省,710000,17.6527574496
7334,20210131,台湾省,710000,台湾省,710000,18.3771582734
7335,20210201,台湾省,710000,台湾省,710000,18.9732079289
7336,20210202,台湾省,710000,台湾省,710000,19.0477917628
7337,20210203,台湾省,710000,台湾省,710000,18.7714839632
7338,20210204,台湾省,710000,台湾省,710000,19.489865238
7339,20210205,台湾省,710000,台湾省,710000,19.4314066714
7340,20210206,台湾省,710000,台湾省,710000,20.0106982535
7341,20210207,台湾省,710000,台湾省,710000,20.3655721708
7342,20210208,台湾省,710000,台湾省,710000,19.7984285788
7343,20210209,台湾省,710000,台湾省,710000,19.2443239255
7344,20210210,台湾省,710000,台湾省,710000,20.5626405152
7345,20210213,台湾省,710000,台湾省,710000,18.6635871801
7346,20210214,台湾省,710000,台湾省,710000,18.9890837236
7347,20210215,台湾省,710000,台湾省,710000,19.6639999043
7348,20210216,台湾省,710000,台湾省,710000,20.0689992688
7349,20210217,台湾省,710000,台湾省,710000,17.0200618722
7350,20210218,台湾省,710000,台湾省,710000,15.6632280458
7351,20210219,台湾省,710000,台湾省,710000,18.245665897
7352,20210220,台湾省,710000,台湾省,710000,12.1978509209
7353,20210221,台湾省,710000,台湾省,710000,16.9193612554
7354,20210222,台湾省,710000,台湾省,710000,20.9796576933
7355,20210223,台湾省,710000,台湾省,710000,21.0973338431
7356,20210224,台湾省,710000,台湾省,710000,21.485104886
7357,20210225,台湾省,710000,台湾省,710000,21.8659260056
7358,20210226,台湾省,710000,台湾省,710000,21.5087676699
7359,20210227,台湾省,710000,台湾省,710000,19.1712083817
7360,20210228,台湾省,710000,台湾省,710000,20.1833587343
7361,20210301,台湾省,710000,台湾省,710000,23.098637039
7362,20210302,台湾省,710000,台湾省,710000,18.1798558452
7363,20210303,台湾省,710000,台湾省,710000,18.4755532958
7364,20210304,台湾省,710000,台湾省,710000,20.3533132076
7365,20210305,台湾省,710000,台湾省,710000,21.9381087693
7366,20210306,台湾省,710000,台湾省,710000,21.0056374723
7367,20210307,台湾省,710000,台湾省,710000,19.4647540179
7368,20210308,台湾省,710000,台湾省,710000,19.9781869108
7369,20210309,台湾省,710000,台湾省,710000,20.7462584105
7370,20210310,台湾省,710000,台湾省,710000,20.7323698564
7371,20210311,台湾省,710000,台湾省,710000,21.3315965913
7372,20210312,台湾省,710000,台湾省,710000,21.8592520844
7373,20210313,台湾省,710000,台湾省,710000,20.3418830525
7374,20210314,台湾省,710000,台湾省,710000,20.9582808234
7375,20210315,台湾省,710000,台湾省,710000,22.4707355066
7376,20210316,台湾省,710000,台湾省,710000,24.1595578194
7377,20210317,台湾省,710000,台湾省,710000,23.3634389747
7378,20210318,台湾省,710000,台湾省,710000,22.7685757984
7379,20210319,台湾省,710000,台湾省,710000,23.6749985218
7380,20210320,台湾省,710000,台湾省,710000,23.4850783998
7381,20210321,台湾省,710000,台湾省,710000,18.6670671593
7382,20210322,台湾省,710000,台湾省,710000,15.6644756577
7383,20210323,台湾省,710000,台湾省,710000,18.7132609974
7384,20210324,台湾省,710000,台湾省,710000,17.9353210493
7385,20210325,台湾省,710000,台湾省,710000,19.8850850409
7386,20210326,台湾省,710000,台湾省,710000,22.4652818983
7387,20210327,台湾省,710000,台湾省,710000,24.5791851824
7388,20210328,台湾省,710000,台湾省,710000,25.2455206134
7389,20210329,台湾省,710000,台湾省,710000,25.4051631581
7390,20210330,台湾省,710000,台湾省,710000,25.5910918062
7391,20210331,台湾省,710000,台湾省,710000,25.7670850971
7392,20210401,台湾省,710000,台湾省,710000,25.8916538195
7393,20210402,台湾省,710000,台湾省,710000,26.4853011045
7394,20210403,台湾省,710000,台湾省,710000,25.6096212864
7395,20210404,台湾省,710000,台湾省,710000,22.3395077532
7396,20210405,台湾省,710000,台湾省,710000,20.607983004
7397,20210406,台湾省,710000,台湾省,710000,21.4453288425
7398,20210407,台湾省,710000,台湾省,710000,21.8327560858
7399,20210408,台湾省,710000,台湾省,710000,21.0432422161
7400,20210409,台湾省,710000,台湾省,710000,19.7628645247
7401,20210410,台湾省,710000,台湾省,710000,21.7157259204
7402,20210411,台湾省,710000,台湾省,710000,23.6103237325
7403,20210412,台湾省,710000,台湾省,710000,24.5467702475
7404,20210413,台湾省,710000,台湾省,710000,24.9699402072
7405,20210414,台湾省,710000,台湾省,710000,22.9439734546
7406,20210415,台湾省,710000,台湾省,710000,22.9332023317
7407,20210416,台湾省,710000,台湾省,710000,23.8810119412
7408,20210417,台湾省,710000,台湾省,710000,24.0793948174
7409,20210418,台湾省,710000,台湾省,710000,22.989359032
7410,20210419,台湾省,710000,台湾省,710000,23.4213207635
7411,20210420,台湾省,710000,台湾省,710000,24.7747776942
7412,20210421,台湾省,710000,台湾省,710000,25.7915704467
7413,20210422,台湾省,710000,台湾省,710000,25.9686795581
7414,20210423,台湾省,710000,台湾省,710000,25.1472994197
7415,20210424,台湾省,710000,台湾省,710000,24.7357158011
7416,20210425,台湾省,710000,台湾省,710000,22.9041246067
7417,20210426,台湾省,710000,台湾省,710000,24.2591265548
7418,20210427,台湾省,710000,台湾省,710000,23.618866487
7419,20210428,台湾省,710000,台湾省,710000,23.5860986276
7420,20210429,台湾省,710000,台湾省,710000,21.4419093999
7421,20210430,台湾省,710000,台湾省,710000,24.9771162813
7422,20210501,台湾省,710000,台湾省,710000,25.342427102
7423,20210502,台湾省,710000,台湾省,710000,26.4515183622
7424,20210503,台湾省,710000,台湾省,710000,25.3252997832
7425,20210504,台湾省,710000,台湾省,710000,27.5258214907
7426,20210505,台湾省,710000,台湾省,710000,24.4345596487
7427,20210506,台湾省,710000,台湾省,710000,26.2538465587
7428,20210507,台湾省,710000,台湾省,710000,27.7958217968
7429,20210508,台湾省,710000,台湾省,710000,27.2402701811
7430,20210509,台湾省,710000,台湾省,710000,27.9787912152
7431,20210510,台湾省,710000,台湾省,710000,28.2372382988
7432,20210511,台湾省,710000,台湾省,710000,28.556016792
7433,20210512,台湾省,710000,台湾省,710000,29.2941950018
7434,20210513,台湾省,710000,台湾省,710000,29.3982878598
7435,20210514,台湾省,710000,台湾省,710000,29.0240311623
7436,20210515,台湾省,710000,台湾省,710000,29.565393903
7437,20210516,台湾省,710000,台湾省,710000,29.7857651494
7438,20210517,台湾省,710000,台湾省,710000,29.5523430651
7439,20210518,台湾省,710000,台湾省,710000,29.1889571277
7440,20210519,台湾省,710000,台湾省,710000,29.3261431564
7441,20210520,台湾省,710000,台湾省,710000,29.651913838
7442,20210521,台湾省,710000,台湾省,710000,29.8421744217
7443,20210522,台湾省,710000,台湾省,710000,29.5812636072
7444,20210523,台湾省,710000,台湾省,710000,30.2524441156
7445,20210524,台湾省,710000,台湾省,710000,29.1486290585
7446,20210525,台湾省,710000,台湾省,710000,28.8474087065
7447,20210526,台湾省,710000,台湾省,710000,29.6945139495
7448,20210527,台湾省,710000,台湾省,710000,30.5051557584
7449,20210528,台湾省,710000,台湾省,710000,30.3025670702
7450,20210529,台湾省,710000,台湾省,710000,28.2190518813
7451,20210530,台湾省,710000,台湾省,710000,26.0144556436
7452,20210531,台湾省,710000,台湾省,710000,26.1146640994
7453,20210601,台湾省,710000,台湾省,710000,27.7548335249
7454,20210602,台湾省,710000,台湾省,710000,29.2772030614
7455,20210603,台湾省,710000,台湾省,710000,30.3045572801
7456,20210604,台湾省,710000,台湾省,710000,28.8041074493
7457,20210605,台湾省,710000,台湾省,710000,25.5834369443
7458,20210606,台湾省,710000,台湾省,710000,24.4385138642
7459,20210607,台湾省,710000,台湾省,710000,27.0780929435
7460,20210608,台湾省,710000,台湾省,710000,28.1056388291
7461,20210609,台湾省,710000,台湾省,710000,28.7893457629
7462,20210610,台湾省,710000,台湾省,710000,28.9143567735
7463,20210611,台湾省,710000,台湾省,710000,29.4076516195
7464,20210612,台湾省,710000,台湾省,710000,29.2335567908
7465,20210613,台湾省,710000,台湾省,710000,29.4829940579
7466,20210614,台湾省,710000,台湾省,710000,29.9235319441
7467,20210615,台湾省,710000,台湾省,710000,29.9854644862
7468,20210616,台湾省,710000,台湾省,710000,29.4433293343
7469,20210617,台湾省,710000,台湾省,710000,30.1433357109
7470,20210618,台湾省,710000,台湾省,710000,30.453179923
7471,20210619,台湾省,710000,台湾省,710000,29.5959350629
7472,20210620,台湾省,710000,台湾省,710000,28.9970168417
7473,20210621,台湾省,710000,台湾省,710000,28.0872732726
7474,20210622,台湾省,710000,台湾省,710000,26.0027395378
7475,20210623,台湾省,710000,台湾省,710000,25.9543904391
7476,20210624,台湾省,710000,台湾省,710000,26.5199232752
7477,20210625,台湾省,710000,台湾省,710000,27.1686877554
7478,20210626,台湾省,710000,台湾省,710000,28.1955965432
7479,20210627,台湾省,710000,台湾省,710000,28.1719672463
7480,20210628,台湾省,710000,台湾省,710000,27.9886109612
7481,20210629,台湾省,710000,台湾省,710000,27.7773888111
7482,20210630,台湾省,710000,台湾省,710000,29.4873359203
7483,20210701,台湾省,710000,台湾省,710000,29.8256617893
7484,20210702,台湾省,710000,台湾省,710000,29.7940661474
7485,20210703,台湾省,710000,台湾省,710000,29.7831843766
7486,20210704,台湾省,710000,台湾省,710000,29.7197283181
7487,20210705,台湾省,710000,台湾省,710000,29.8460958437
7488,20210706,台湾省,710000,台湾省,710000,29.0838466991
7489,20210707,台湾省,710000,台湾省,710000,29.4928509972
7490,20210708,台湾省,710000,台湾省,710000,29.9382502599
7491,20210709,台湾省,710000,台湾省,710000,30.1988195506
7492,20210710,台湾省,710000,台湾省,710000,29.9307668209
7493,20210711,台湾省,710000,台湾省,710000,29.6914961338
7494,20210712,台湾省,710000,台湾省,710000,29.6844880364
7495,20210713,台湾省,710000,台湾省,710000,28.6813592261
7496,20210714,台湾省,710000,台湾省,710000,29.5140777068
7497,20210715,台湾省,710000,台湾省,710000,28.5511642803
7498,20210716,台湾省,710000,台湾省,710000,29.1056853208
7499,20210717,台湾省,710000,台湾省,710000,29.6281209209
7500,20210718,台湾省,710000,台湾省,710000,29.7820413329
7501,20210719,台湾省,710000,台湾省,710000,29.5285647999
7502,20210720,台湾省,710000,台湾省,710000,28.9389798858
7503,20210721,台湾省,710000,台湾省,710000,29.1671992215
7504,20210722,台湾省,710000,台湾省,710000,28.5248182904
7505,20210723,台湾省,710000,台湾省,710000,28.5338551781
7506,20210724,台湾省,710000,台湾省,710000,28.8554317518
7507,20210725,台湾省,710000,台湾省,710000,30.4697267576
7508,20210726,台湾省,710000,台湾省,710000,30.1911364035
7509,20210727,台湾省,710000,台湾省,710000,30.4542657029
7510,20210728,台湾省,710000,台湾省,710000,29.5852703398
7511,20210729,台湾省,710000,台湾省,710000,29.2547686317
7512,20210730,台湾省,710000,台湾省,710000,28.4512857307
7513,20210731,台湾省,710000,台湾省,710000,26.4805364175
7514,20210801,台湾省,710000,台湾省,710000,26.5313118805
7515,20210802,台湾省,710000,台湾省,710000,26.6427837502
7516,20210803,台湾省,710000,台湾省,710000,27.6247573983
7517,20210804,台湾省,710000,台湾省,710000,27.75927613
7518,20210805,台湾省,710000,台湾省,710000,26.8034895984
7519,20210806,台湾省,710000,台湾省,710000,26.3568407406
7520,20210807,台湾省,710000,台湾省,710000,25.9068854505
7521,20210808,台湾省,710000,台湾省,710000,27.8108017878
7522,20210809,台湾省,710000,台湾省,710000,27.9362355796
7523,20210810,台湾省,710000,台湾省,710000,27.5326941664
7524,20210811,台湾省,710000,台湾省,710000,28.4847184961
7525,20210812,台湾省,710000,台湾省,710000,28.7537381216
7526,20210813,台湾省,710000,台湾省,710000,27.9947948673
7527,20210814,台湾省,710000,台湾省,710000,27.9892668507
7528,20210815,台湾省,710000,台湾省,710000,28.9596869079
7529,20210816,台湾省,710000,台湾省,710000,29.416170272
7530,20210817,台湾省,710000,台湾省,710000,29.3516433456
7531,20210818,台湾省,710000,台湾省,710000,28.2541788708
7532,20210819,台湾省,710000,台湾省,710000,28.1767944206
7533,20210820,台湾省,710000,台湾省,710000,29.1478331306
7534,20210821,台湾省,710000,台湾省,710000,28.8456162539
7535,20210822,台湾省,710000,台湾省,710000,29.3181949095
7536,20210823,台湾省,710000,台湾省,710000,29.5398842421
7537,20210824,台湾省,710000,台湾省,710000,28.9804931554
7538,20210825,台湾省,710000,台湾省,710000,28.7638624365
7539,20210826,台湾省,710000,台湾省,710000,29.0688425194
7540,20210827,台湾省,710000,台湾省,710000,29.4253634973
7541,20210828,台湾省,710000,台湾省,710000,29.709355376
7542,20210829,台湾省,710000,台湾省,710000,29.7190922174
7543,20210830,台湾省,710000,台湾省,710000,28.0413600748
7544,20210831,台湾省,710000,台湾省,710000,28.877013835
7545,20210901,台湾省,710000,台湾省,710000,29.3659545725
7546,20210902,台湾省,710000,台湾省,710000,28.804435665
7547,20210903,台湾省,710000,台湾省,710000,28.4579520442
7548,20210904,台湾省,710000,台湾省,710000,28.288649364
7549,20210905,台湾省,710000,台湾省,710000,28.6263545643
7550,20210906,台湾省,710000,台湾省,710000,29.1700229862
7551,20210907,台湾省,710000,台湾省,710000,29.7555849119
7552,20210908,台湾省,710000,台湾省,710000,29.7314356891
7553,20210909,台湾省,710000,台湾省,710000,30.0102839903
7554,20210910,台湾省,710000,台湾省,710000,30.0695382682
7555,20210911,台湾省,710000,台湾省,710000,28.4619216052
7556,20210912,台湾省,710000,台湾省,710000,27.251466556
7557,20210913,台湾省,710000,台湾省,710000,28.8083577373
7558,20210914,台湾省,710000,台湾省,710000,29.3563651822
7559,20210915,台湾省,710000,台湾省,710000,28.7051368627
7560,20210916,台湾省,710000,台湾省,710000,28.406388803
7561,20210917,台湾省,710000,台湾省,710000,28.9493628849
7562,20210918,台湾省,710000,台湾省,710000,29.4285451065
7563,20210919,台湾省,710000,台湾省,710000,29.3612328876
7564,20210920,台湾省,710000,台湾省,710000,29.6336765289
7565,20210921,台湾省,710000,台湾省,710000,28.8920844251
7566,20210922,台湾省,710000,台湾省,710000,29.1648794738
7567,20210923,台湾省,710000,台湾省,710000,29.270476688
7568,20210924,台湾省,710000,台湾省,710000,28.8843812076
7569,20210925,台湾省,710000,台湾省,710000,28.6355457089
7570,20210926,台湾省,710000,台湾省,710000,28.5218185945
7571,20210927,台湾省,710000,台湾省,710000,28.4919355783
7572,20210928,台湾省,710000,台湾省,710000,28.2988874912
7573,20210929,台湾省,710000,台湾省,710000,28.1580853896
7574,20210930,台湾省,710000,台湾省,710000,28.8885425221
7575,20211001,台湾省,710000,台湾省,710000,28.541945154
7576,20211002,台湾省,710000,台湾省,710000,28.6115881963
7577,20211003,台湾省,710000,台湾省,710000,28.9492077394
7578,20211004,台湾省,710000,台湾省,710000,29.0866312114
7579,20211005,台湾省,710000,台湾省,710000,28.8185668859
7580,20211006,台湾省,710000,台湾省,710000,28.8627925136
7581,20211007,台湾省,710000,台湾省,710000,28.8040974574
7582,20211008,台湾省,710000,台湾省,710000,29.0716573542
7583,20211009,台湾省,710000,台湾省,710000,28.7711470994
7584,20211010,台湾省,710000,台湾省,710000,29.0257601521
7585,20211011,台湾省,710000,台湾省,710000,27.2015665444
7586,20211012,台湾省,710000,台湾省,710000,27.2176280238
7587,20211013,台湾省,710000,台湾省,710000,25.971930894
7588,20211014,台湾省,710000,台湾省,710000,26.4169548858
7589,20211015,台湾省,710000,台湾省,710000,27.8048362515
7590,20211016,台湾省,710000,台湾省,710000,26.9918056835
7591,20211017,台湾省,710000,台湾省,710000,23.7504682974
7592,20211018,台湾省,710000,台湾省,710000,24.1491600383
7593,20211019,台湾省,710000,台湾省,710000,25.050775528
7594,20211020,台湾省,710000,台湾省,710000,25.2253711657
7595,20211021,台湾省,710000,台湾省,710000,23.8727581501
7596,20211022,台湾省,710000,台湾省,710000,22.2531402111
7597,20211023,台湾省,710000,台湾省,710000,23.2571848523
7598,20211024,台湾省,710000,台湾省,710000,23.1699693203
7599,20211025,台湾省,710000,台湾省,710000,24.0767737735
7600,20211026,台湾省,710000,台湾省,710000,25.1634012569
7601,20211027,台湾省,710000,台湾省,710000,24.5615550388
7602,20211028,台湾省,710000,台湾省,710000,23.8545433174
7603,20211029,台湾省,710000,台湾省,710000,23.6714429205
7604,20211030,台湾省,710000,台湾省,710000,23.8056279312
7605,20211031,台湾省,710000,台湾省,710000,24.3885885152
7606,20211101,台湾省,710000,台湾省,710000,24.3349013545
7607,20211102,台湾省,710000,台湾省,710000,24.2947453802
7608,20211103,台湾省,710000,台湾省,710000,24.4630612677
7609,20211104,台湾省,710000,台湾省,710000,24.6966283972
7610,20211105,台湾省,710000,台湾省,710000,25.6715276892
7611,20211106,台湾省,710000,台湾省,710000,26.0274481123
7612,20211107,台湾省,710000,台湾省,710000,25.6770319722
7613,20211108,台湾省,710000,台湾省,710000,20.8687443083
7614,20211109,台湾省,710000,台湾省,710000,19.1057117636
7615,20211110,台湾省,710000,台湾省,710000,18.7017792788
7616,20211111,台湾省,710000,台湾省,710000,21.0559194738
7617,20211112,台湾省,710000,台湾省,710000,20.5292967233
7618,20211113,台湾省,710000,台湾省,710000,19.8914124966
7619,20211114,台湾省,710000,台湾省,710000,21.05610919
7620,20211115,台湾省,710000,台湾省,710000,23.1175139601
7621,20211116,台湾省,710000,台湾省,710000,23.8007090308
7622,20211117,台湾省,710000,台湾省,710000,23.6562974453
7623,20211118,台湾省,710000,台湾省,710000,22.5383781303
7624,20211119,台湾省,710000,台湾省,710000,23.6869706241
7625,20211120,台湾省,710000,台湾省,710000,23.7281818173
7626,20211121,台湾省,710000,台湾省,710000,24.2589108944
7627,20211122,台湾省,710000,台湾省,710000,19.8851308172
7628,20211123,台湾省,710000,台湾省,710000,17.6329535354
7629,20211124,台湾省,710000,台湾省,710000,20.09121884
7630,20211125,台湾省,710000,台湾省,710000,20.83412411
7631,20211126,台湾省,710000,台湾省,710000,20.6482239853
7632,20211127,台湾省,710000,台湾省,710000,21.2400515513
7633,20211128,台湾省,710000,台湾省,710000,21.9335630807
7634,20211129,台湾省,710000,台湾省,710000,22.9323679967
7635,20211130,台湾省,710000,台湾省,710000,20.8226284114
7636,20211201,台湾省,710000,台湾省,710000,17.0293594274
7637,20211202,台湾省,710000,台湾省,710000,17.7248407927
7638,20211203,台湾省,710000,台湾省,710000,16.982698744
7639,20211204,台湾省,710000,台湾省,710000,18.3962590261
7640,20211205,台湾省,710000,台湾省,710000,19.5989265225
7641,20211206,台湾省,710000,台湾省,710000,20.3213951588
7642,20211207,台湾省,710000,台湾省,710000,19.6406428597
7643,20211208,台湾省,710000,台湾省,710000,20.266020233
7644,20211209,台湾省,710000,台湾省,710000,20.8922543309
7645,20211210,台湾省,710000,台湾省,710000,21.1869788603
7646,20211211,台湾省,710000,台湾省,710000,21.3417113911
7647,20211212,台湾省,710000,台湾省,710000,20.3308211023
7648,20211213,台湾省,710000,台湾省,710000,19.4249117808
7649,20211214,台湾省,710000,台湾省,710000,21.0120955164
7650,20211215,台湾省,710000,台湾省,710000,21.7792182619
7651,20211216,台湾省,710000,台湾省,710000,22.032038667
7652,20211217,台湾省,710000,台湾省,710000,18.8147523403
7653,20211218,台湾省,710000,台湾省,710000,16.9553277926
7654,20211219,台湾省,710000,台湾省,710000,18.7035582716
7655,20211220,台湾省,710000,台湾省,710000,19.1714071144
7656,20211221,台湾省,710000,台湾省,710000,19.3984198354
7657,20211222,台湾省,710000,台湾省,710000,19.5064087564
7658,20211223,台湾省,710000,台湾省,710000,20.9995118921
7659,20211224,台湾省,710000,台湾省,710000,20.608039921
7660,20211225,台湾省,710000,台湾省,710000,17.3381114223
7661,20211226,台湾省,710000,台湾省,710000,15.5729834492
7662,20211227,台湾省,710000,台湾省,710000,15.0688808506
7663,20211228,台湾省,710000,台湾省,710000,18.0206195008
7664,20211229,台湾省,710000,台湾省,710000,18.9751215198
7665,20211230,台湾省,710000,台湾省,710000,16.9579279098
7666,20211231,台湾省,710000,台湾省,710000,17.4998962988
7667,20220101,台湾省,710000,台湾省,710000,18.8872808977
7668,20220102,台湾省,710000,台湾省,710000,18.5276915377
7669,20220103,台湾省,710000,台湾省,710000,19.1890416145
7670,20220104,台湾省,710000,台湾省,710000,19.6050252481
7671,20220105,台湾省,710000,台湾省,710000,20.2281589075
7672,20220106,台湾省,710000,台湾省,710000,17.8588463718
7673,20220107,台湾省,710000,台湾省,710000,17.6421611417
7674,20220108,台湾省,710000,台湾省,710000,17.9909486662
7675,20220109,台湾省,710000,台湾省,710000,18.5273136009
7676,20220110,台湾省,710000,台湾省,710000,18.8234068264
7677,20220111,台湾省,710000,台湾省,710000,15.2164656682
7678,20220112,台湾省,710000,台湾省,710000,15.0394589251
7679,20220113,台湾省,710000,台湾省,710000,15.469856143
7680,20220114,台湾省,710000,台湾省,710000,16.5590269457
7681,20220115,台湾省,710000,台湾省,710000,18.3911058903
7682,20220116,台湾省,710000,台湾省,710000,19.6456441229
7683,20220117,台湾省,710000,台湾省,710000,18.5612959212
7684,20220118,台湾省,710000,台湾省,710000,17.9959202896
7685,20220119,台湾省,710000,台湾省,710000,18.2039819197
7686,20220120,台湾省,710000,台湾省,710000,19.0563408461
7687,20220121,台湾省,710000,台湾省,710000,18.3932303515
7688,20220122,台湾省,710000,台湾省,710000,18.358077396
7689,20220123,台湾省,710000,台湾省,710000,20.3308383335
7690,20220124,台湾省,710000,台湾省,710000,18.9672653025
7691,20220125,台湾省,710000,台湾省,710000,19.7533386404
7692,20220126,台湾省,710000,台湾省,710000,20.8699605031
7693,20220127,台湾省,710000,台湾省,710000,20.783315897
7694,20220128,台湾省,710000,台湾省,710000,18.9761240699
7695,20220129,台湾省,710000,台湾省,710000,17.1101373434
7696,20220130,台湾省,710000,台湾省,710000,14.9092782627
7697,20220131,台湾省,710000,台湾省,710000,16.9215022542
7698,20220201,台湾省,710000,台湾省,710000,17.7931433049
7699,20220202,台湾省,710000,台湾省,710000,18.7009857351
7700,20220203,台湾省,710000,台湾省,710000,17.5102307363
7701,20220204,台湾省,710000,台湾省,710000,16.4508967074
7702,20220205,台湾省,710000,台湾省,710000,15.6729129336
7703,20220206,台湾省,710000,台湾省,710000,16.315955032
7704,20220207,台湾省,710000,台湾省,710000,17.7897883329
7705,20220208,台湾省,710000,台湾省,710000,17.2479801828
7706,20220209,台湾省,710000,台湾省,710000,18.4511780956
7707,20220210,台湾省,710000,台湾省,710000,18.7281481786
7708,20220211,台湾省,710000,台湾省,710000,19.40967601
7709,20220212,台湾省,710000,台湾省,710000,19.6344602975
7710,20220213,台湾省,710000,台湾省,710000,19.2374723391
7711,20220214,台湾省,710000,台湾省,710000,16.2808370157
7712,20220215,台湾省,710000,台湾省,710000,17.5111723596
7713,20220216,台湾省,710000,台湾省,710000,18.2794616006
7714,20220217,台湾省,710000,台湾省,710000,18.0519674041
7715,20220218,台湾省,710000,台湾省,710000,18.3857168501
7716,20220219,台湾省,710000,台湾省,710000,16.1276913773
7717,20220220,台湾省,710000,台湾省,710000,11.5616585233
7718,20220221,台湾省,710000,台湾省,710000,14.1250114224
7719,20220222,台湾省,710000,台湾省,710000,16.2171818343
7720,20220223,台湾省,710000,台湾省,710000,13.9475735426
7721,20220224,台湾省,710000,台湾省,710000,15.5303144888
7722,20220225,台湾省,710000,台湾省,710000,17.7570481951
7723,20220226,台湾省,710000,台湾省,710000,18.9528816397
7724,20220227,台湾省,710000,台湾省,710000,19.8049643907
7725,20220228,台湾省,710000,台湾省,710000,21.6156186407
7726,20220301,台湾省,710000,台湾省,710000,22.8952212117
7727,20220302,台湾省,710000,台湾省,710000,21.0594713038
7728,20220303,台湾省,710000,台湾省,710000,21.7035329775
7729,20220304,台湾省,710000,台湾省,710000,22.5573937026
7730,20220305,台湾省,710000,台湾省,710000,21.9658474922
7731,20220306,台湾省,710000,台湾省,710000,20.9354666146
7732,20220307,台湾省,710000,台湾省,710000,15.5031449253
7733,20220308,台湾省,710000,台湾省,710000,17.6911308982
7734,20220309,台湾省,710000,台湾省,710000,20.0653182593
7735,20220310,台湾省,710000,台湾省,710000,20.3854568655
7736,20220311,台湾省,710000,台湾省,710000,21.4419208657
7737,20220312,台湾省,710000,台湾省,710000,22.4323310635
7738,20220313,台湾省,710000,台湾省,710000,23.5018196539
7739,20220314,台湾省,710000,台湾省,710000,23.3935392336
7740,20220315,台湾省,710000,台湾省,710000,23.3568900715
7741,20220316,台湾省,710000,台湾省,710000,23.6274936199
7742,20220317,台湾省,710000,台湾省,710000,24.370815017
7743,20220318,台湾省,710000,台湾省,710000,22.1191446564
7744,20220319,台湾省,710000,台湾省,710000,22.7926471017
7745,20220320,台湾省,710000,台湾省,710000,23.4261322021
7746,20220321,台湾省,710000,台湾省,710000,23.466970227
7747,20220322,台湾省,710000,台湾省,710000,21.2202190486
7748,20220323,台湾省,710000,台湾省,710000,17.1798578176
7749,20220324,台湾省,710000,台湾省,710000,20.0493459051
7750,20220325,台湾省,710000,台湾省,710000,25.0112481767
7751,20220326,台湾省,710000,台湾省,710000,24.4187230847
7752,20220327,台湾省,710000,台湾省,710000,19.3984296755
7753,20220328,台湾省,710000,台湾省,710000,18.8225151626
7754,20220329,台湾省,710000,台湾省,710000,22.4525183548
7755,20220330,台湾省,710000,台湾省,710000,23.7122922594
7756,20220331,台湾省,710000,台湾省,710000,22.1944078315
7757,20220401,台湾省,710000,台湾省,710000,18.0767958923
7758,20220402,台湾省,710000,台湾省,710000,15.6802865267
7759,20220403,台湾省,710000,台湾省,710000,16.5329498378
7760,20220404,台湾省,710000,台湾省,710000,20.4314350865
7761,20220405,台湾省,710000,台湾省,710000,21.4173038006
7762,20220406,台湾省,710000,台湾省,710000,22.2587744973
7763,20220407,台湾省,710000,台湾省,710000,22.128875364
7764,20220408,台湾省,710000,台湾省,710000,22.956862493
7765,20220409,台湾省,710000,台湾省,710000,24.174893661
7766,20220410,台湾省,710000,台湾省,710000,25.4312476245
7767,20220411,台湾省,710000,台湾省,710000,25.5568171198
7768,20220412,台湾省,710000,台湾省,710000,25.7165761644
7769,20220413,台湾省,710000,台湾省,710000,25.5050794645
7770,20220414,台湾省,710000,台湾省,710000,23.8438452374
7771,20220415,台湾省,710000,台湾省,710000,21.338686813
7772,20220416,台湾省,710000,台湾省,710000,20.6117979613
7773,20220417,台湾省,710000,台湾省,710000,20.5744479786
7774,20220418,台湾省,710000,台湾省,710000,21.8324426304
7775,20220419,台湾省,710000,台湾省,710000,19.5633101463
7776,20220420,台湾省,710000,台湾省,710000,22.0254470435
7777,20220421,台湾省,710000,台湾省,710000,24.534497196
7778,20220422,台湾省,710000,台湾省,710000,27.3895553025
7779,20220423,台湾省,710000,台湾省,710000,26.7267528447
7780,20220424,台湾省,710000,台湾省,710000,27.27588931
7781,20220425,台湾省,710000,台湾省,710000,27.5247132345
7782,20220426,台湾省,710000,台湾省,710000,28.1735469861
7783,20220427,台湾省,710000,台湾省,710000,27.569148909
7784,20220428,台湾省,710000,台湾省,710000,27.1337531263
7785,20220429,台湾省,710000,台湾省,710000,26.1065325304
7786,20220430,台湾省,710000,台湾省,710000,23.7714902488
7787,20220501,台湾省,710000,台湾省,710000,20.1880465854
7788,20220502,台湾省,710000,台湾省,710000,17.51986457
7789,20220503,台湾省,710000,台湾省,710000,21.5227983215
7790,20220504,台湾省,710000,台湾省,710000,24.3809595975
7791,20220505,台湾省,710000,台湾省,710000,24.8044131019
7792,20220506,台湾省,710000,台湾省,710000,25.4760413387
7793,20220507,台湾省,710000,台湾省,710000,25.7256291563
7794,20220508,台湾省,710000,台湾省,710000,25.367501779
7795,20220509,台湾省,710000,台湾省,710000,25.2038017186
7796,20220510,台湾省,710000,台湾省,710000,26.485557231
7797,20220511,台湾省,710000,台湾省,710000,25.3042081703
7798,20220512,台湾省,710000,台湾省,710000,25.6490596641
7799,20220513,台湾省,710000,台湾省,710000,25.9893372276
7800,20220514,台湾省,710000,台湾省,710000,22.7326712175
7801,20220515,台湾省,710000,台湾省,710000,20.4861872846
7802,20220516,台湾省,710000,台湾省,710000,18.9227635644
7803,20220517,台湾省,710000,台湾省,710000,21.9604093161
7804,20220518,台湾省,710000,台湾省,710000,24.9478108233
7805,20220519,台湾省,710000,台湾省,710000,25.4507516081
7806,20220520,台湾省,710000,台湾省,710000,25.2895878879
7807,20220521,台湾省,710000,台湾省,710000,24.5482736934
7808,20220522,台湾省,710000,台湾省,710000,24.9249649698
7809,20220523,台湾省,710000,台湾省,710000,25.5866091902
7810,20220524,台湾省,710000,台湾省,710000,25.3898488175
7811,20220525,台湾省,710000,台湾省,710000,25.0843682072
7812,20220526,台湾省,710000,台湾省,710000,25.2088899396
7813,20220527,台湾省,710000,台湾省,710000,25.1246513887
7814,20220528,台湾省,710000,台湾省,710000,27.6318368045
7815,20220529,台湾省,710000,台湾省,710000,28.8197605393
7816,20220530,台湾省,710000,台湾省,710000,29.0003889041
7817,20220531,台湾省,710000,台湾省,710000,27.8680400632
7818,20220601,台湾省,710000,台湾省,710000,29.1907400435
7819,20220602,台湾省,710000,台湾省,710000,28.9715130546
7820,20220603,台湾省,710000,台湾省,710000,28.8172002922
7821,20220604,台湾省,710000,台湾省,710000,27.900453134
7822,20220605,台湾省,710000,台湾省,710000,29.6983839599
7823,20220606,台湾省,710000,台湾省,710000,28.2856589881
7824,20220607,台湾省,710000,台湾省,710000,24.9505004666
7825,20220608,台湾省,710000,台湾省,710000,24.5081422762
7826,20220609,台湾省,710000,台湾省,710000,26.4990260168
7827,20220610,台湾省,710000,台湾省,710000,27.5252842036
7828,20220611,台湾省,710000,台湾省,710000,27.1996145899
7829,20220612,台湾省,710000,台湾省,710000,27.2953747186
7830,20220613,台湾省,710000,台湾省,710000,29.3448431492
7831,20220614,台湾省,710000,台湾省,710000,28.8187176748
7832,20220615,台湾省,710000,台湾省,710000,27.543427489
7833,20220616,台湾省,710000,台湾省,710000,27.8780854832
7834,20220617,台湾省,710000,台湾省,710000,28.6558631984
7835,20220618,台湾省,710000,台湾省,710000,29.363939567
7836,20220619,台湾省,710000,台湾省,710000,29.1729446108
7837,20220620,台湾省,710000,台湾省,710000,29.8738112666
7838,20220621,台湾省,710000,台湾省,710000,29.1321998293
7839,20220622,台湾省,710000,台湾省,710000,29.7626737898
7840,20220623,台湾省,710000,台湾省,710000,29.5276096084
7841,20220624,台湾省,710000,台湾省,710000,28.4768183882
7842,20220625,台湾省,710000,台湾省,710000,27.9036044424
7843,20220626,台湾省,710000,台湾省,710000,29.2333517075
7844,20220627,台湾省,710000,台湾省,710000,29.1211071881
7845,20220628,台湾省,710000,台湾省,710000,29.5799594792
7846,20220629,台湾省,710000,台湾省,710000,27.8048649918
7847,20220630,台湾省,710000,台湾省,710000,28.9748732393
